2013010103 99999
2013010109 99999
2013010115 99999
2013010121 99999
2013010203 99999
2013010209 99999
2013010215 99999
2013010221 99999
2013010303 99999
2013010309 99999
2013010315 99999
2013010321 99999
2013010403 99999
2013010409 99999
2013010415 99999
2013010421 99999
2013010503 99999
2013010509 99999
2013010515 99999
2013010521 99999
2013010603 99999
2013010609 99999
2013010615 99999
2013010621 99999
2013010703 99999
2013010709 99999
2013010715 99999
2013010721 99999
2013010803 99999
2013010809 99999
2013010815 99999
2013010821 99999
2013010903 99999
2013010909 99999
2013010915 99999
2013010921 99999
2013011003 99999
2013011009 99999
2013011015 99999
2013011021 99999
2013011103 99999
2013011109 99999
2013011115 99999
2013011121 99999
2013011203 99999
2013011209 99999
2013011215 99999
2013011221 99999
2013011303 99999
2013011309 99999
2013011315 99999
2013011321 99999
2013011403 99999
2013011409 99999
2013011415 99999
2013011421 99999
2013011503 99999
2013011509 99999
2013011515 99999
2013011521 99999
2013011603 99999
2013011609 99999
2013011615 99999
2013011621 99999
2013011703 99999
2013011709 99999
2013011715 99999
2013011721 99999
2013011803 99999
2013011809 99999
2013011815 99999
2013011821 99999
2013011903 99999
2013011909 99999
2013011915 99999
2013011921 99999
2013012003 99999
2013012009 99999
2013012015 99999
2013012021 99999
2013012103 99999
2013012109 99999
2013012115 99999
2013012121 99999
2013012203 99999
2013012209 99999
2013012215 99999
2013012221 99999
2013012303 99999
2013012309 99999
2013012315 99999
2013012321 99999
2013012403 99999
2013012409 99999
2013012415 99999
2013012421 99999
2013012503 99999
2013012509 99999
2013012515 99999
2013012521 99999
2013012603 99999
2013012609 99999
2013012615 99999
2013012621 99999
2013012703 99999
2013012709 99999
2013012715 99999
2013012721 99999
2013012803 99999
2013012809 99999
2013012815 99999
2013012821 99999
2013012903 99999
2013012909 99999
2013012915 99999
2013012921 99999
2013013003 99999
2013013009 99999
2013013015 99999
2013013021 99999
2013013103 99999
2013013109 99999
2013013115 99999
2013013121 99999
2013020103 99999
2013020109 99999
2013020115 99999
2013020121 99999
2013020203 99999
2013020209 99999
2013020215 99999
2013020221 99999
2013020303 99999
2013020309 99999
2013020315 99999
2013020321 99999
2013020403 99999
2013020409 99999
2013020415 99999
2013020421 99999
2013020503    11
2013020509    19
2013020515 99999
2013020521 99999
2013020603    12
2013020609 99999
2013020615 99999
2013020621 99999
2013020703 99999
2013020709 99999
2013020715 99999
2013020721 99999
2013020803 99999
2013020809 99999
2013020815 99999
2013020821 99999
2013020903 99999
2013020909 99999
2013020915 99999
2013020921 99999
2013021003 99999
2013021009 99999
2013021015 99999
2013021021 99999
2013021103 99999
2013021109 99999
2013021115 99999
2013021121 99999
2013021203 99999
2013021209 99999
2013021215 99999
2013021221 99999
2013021303 99999
2013021309 99999
2013021315 99999
2013021321 99999
2013021403 99999
2013021409 99999
2013021415 99999
2013021421 99999
2013021503 99999
2013021509 99999
2013021515 99999
2013021521 99999
2013021603 99999
2013021609 99999
2013021615 99999
2013021621 99999
2013021703 99999
2013021709 99999
2013021715 99999
2013021721 99999
2013021803 99999
2013021809 99999
2013021815 99999
2013021821 99999
2013021903 99999
2013021909 99999
2013021915 99999
2013021921 99999
2013022003 99999
2013022009 99999
2013022015 99999
2013022021 99999
2013022103 99999
2013022109 99999
2013022115 99999
2013022121 99999
2013022203 99999
2013022209 99999
2013022215 99999
2013022221 99999
2013022303 99999
2013022309 99999
2013022315 99999
2013022321 99999
2013022403 99999
2013022409 99999
2013022415 99999
2013022421 99999
2013022503 99999
2013022509 99999
2013022515 99999
2013022521 99999
2013022603 99999
2013022609 99999
2013022615 99999
2013022621 99999
2013022703 99999
2013022709 99999
2013022715 99999
2013022721 99999
2013022803 99999
2013022809 99999
2013022815 99999
2013022821 99999
2013030103 99999
2013030109 99999
2013030115 99999
2013030121 99999
2013030203 99999
2013030209 99999
2013030215 99999
2013030221 99999
2013030303 99999
2013030309 99999
2013030315 99999
2013030321 99999
2013030403 99999
2013030409 99999
2013030415 99999
2013030421 99999
2013030503 99999
2013030509 99999
2013030515 99999
2013030521 99999
2013030603 99999
2013030609 99999
2013030615 99999
2013030621 99999
2013030703 99999
2013030709 99999
2013030715 99999
2013030721 99999
2013030803 99999
2013030809 99999
2013030815 99999
2013030821 99999
2013030903 99999
2013030909 99999
2013030915 99999
2013030921 99999
2013031003 99999
2013031009 99999
2013031015 99999
2013031021 99999
2013031103 99999
2013031109 99999
2013031115 99999
2013031121 99999
2013031203 99999
2013031209 99999
2013031215 99999
2013031221 99999
2013031303 99999
2013031309 99999
2013031315 99999
2013031321 99999
2013031403 99999
2013031409 99999
2013031415 99999
2013031421 99999
2013031503 99999
2013031509 99999
2013031515 99999
2013031521 99999
2013031603 99999
2013031609 99999
2013031615 99999
2013031621 99999
2013031703 99999
2013031709 99999
2013031715 99999
2013031721 99999
2013031803 99999
2013031809 99999
2013031815 99999
2013031821 99999
2013031903 99999
2013031909 99999
2013031915 99999
2013031921 99999
2013032003 99999
2013032009 99999
2013032015 99999
2013032021 99999
2013032103 99999
2013032109 99999
2013032115 99999
2013032121 99999
2013032203 99999
2013032209 99999
2013032215 99999
2013032221 99999
2013032303 99999
2013032309 99999
2013032315 99999
2013032321 99999
2013032403 99999
2013032409 99999
2013032415 99999
2013032421 99999
2013032503 99999
2013032509 99999
2013032515 99999
2013032521 99999
2013032603 99999
2013032609 99999
2013032615 99999
2013032621 99999
2013032703 99999
2013032709 99999
2013032715 99999
2013032721 99999
2013032803 99999
2013032809 99999
2013032815 99999
2013032821 99999
2013032903 99999
2013032909 99999
2013032915 99999
2013032921 99999
2013033003 99999
2013033009 99999
2013033015 99999
2013033021 99999
2013033103 99999
2013033109 99999
2013033115 99999
2013033121 99999
2013040103 99999
2013040109 99999
2013040115 99999
2013040121 99999
2013040203 99999
2013040209 99999
2013040215 99999
2013040221 99999
2013040303 99999
2013040309 99999
2013040315 99999
2013040321 99999
2013040403 99999
2013040409 99999
2013040415 99999
2013040421 99999
2013040503 99999
2013040509 99999
2013040515 99999
2013040521 99999
2013040603 99999
2013040609 99999
2013040615 99999
2013040621 99999
2013040703 99999
2013040709 99999
2013040715 99999
2013040721 99999
2013040803 99999
2013040809 99999
2013040815 99999
2013040821 99999
2013040903 99999
2013040909 99999
2013040915 99999
2013040921 99999
2013041003 99999
2013041009 99999
2013041015 99999
2013041021 99999
2013041103 99999
2013041109 99999
2013041115 99999
2013041121 99999
2013041203 99999
2013041209 99999
2013041215    11
2013041221 99999
2013041303 99999
2013041309 99999
2013041315 99999
2013041321 99999
2013041403 99999
2013041409 99999
2013041415 99999
2013041421 99999
2013041503 99999
2013041509 99999
2013041515 99999
2013041521 99999
2013041603 99999
2013041609 99999
2013041615 99999
2013041621 99999
2013041703 99999
2013041709 99999
2013041715 99999
2013041721 99999
2013041803 99999
2013041809 99999
2013041815 99999
2013041821 99999
2013041903 99999
2013041909 99999
2013041915 99999
2013041921 99999
2013042003 99999
2013042009 99999
2013042015 99999
2013042021 99999
2013042103 99999
2013042109 99999
2013042115 99999
2013042121 99999
2013042203 99999
2013042209 99999
2013042215 99999
2013042221 99999
2013042303 99999
2013042309 99999
2013042315 99999
2013042321 99999
2013042403 99999
2013042409 99999
2013042415 99999
2013042421 99999
2013042503 99999
2013042509 99999
2013042515 99999
2013042521 99999
2013042603 99999
2013042609 99999
2013042615 99999
2013042621 99999
2013042703 99999
2013042709 99999
2013042715 99999
2013042721 99999
2013042803 99999
2013042809 99999
2013042815 99999
2013042821 99999
2013042903 99999
2013042909 99999
2013042915 99999
2013042921 99999
2013043003 99999
2013043009 99999
2013043015 99999
2013043021 99999
2013050103 99999
2013050109 99999
2013050115 99999
2013050121 99999
2013050203 99999
2013050209 99999
2013050215 99999
2013050221 99999
2013050303 99999
2013050309 99999
2013050315 99999
2013050321 99999
2013050403 99999
2013050409 99999
2013050415 99999
2013050421 99999
2013050503 99999
2013050509 99999
2013050515 99999
2013050521 99999
2013050603 99999
2013050609 99999
2013050615 99999
2013050621 99999
2013050703 99999
2013050709 99999
2013050715 99999
2013050721 99999
2013050803 99999
2013050809 99999
2013050815 99999
2013050821     2
2013050903 99999
2013050909 99999
2013050915 99999
2013050921 99999
2013051003 99999
2013051009 99999
2013051015 99999
2013051021 99999
2013051103 99999
2013051109    10
2013051115 99999
2013051121 99999
2013051203 99999
2013051209 99999
2013051215 99999
2013051221 99999
2013051303 99999
2013051309 99999
2013051315 99999
2013051321 99999
2013051403 99999
2013051409 99999
2013051415 99999
2013051421 99999
2013051503 99999
2013051509 99999
2013051515 99999
2013051521 99999
2013051603 99999
2013051609 99999
2013051615     1
2013051621 99999
2013051703 99999
2013051709 99999
2013051715 99999
2013051721 99999
2013051803 99999
2013051809 99999
2013051815 99999
2013051821 99999
2013051903 99999
2013051909 99999
2013051915 99999
2013051921 99999
2013052003 99999
2013052009 99999
2013052015 99999
2013052021 99999
2013052103 99999
2013052109 99999
2013052115 99999
2013052121 99999
2013052203 99999
2013052209 99999
2013052215 99999
2013052221 99999
2013052303 99999
2013052309 99999
2013052315 99999
2013052321 99999
2013052403 99999
2013052409 99999
2013052415 99999
2013052421 99999
2013052503 99999
2013052509 99999
2013052515 99999
2013052521 99999
2013052603 99999
2013052609 99999
2013052615 99999
2013052621 99999
2013052703 99999
2013052709 99999
2013052715 99999
2013052721 99999
2013052803 99999
2013052809 99999
2013052815 99999
2013052821 99999
2013052903 99999
2013052909 99999
2013052915 99999
2013052921 99999
2013053003 99999
2013053009 99999
2013053015 99999
2013053021 99999
2013053103 99999
2013053109 99999
2013053115 99999
2013053121 99999
2013060103 99999
2013060109 99999
2013060115 99999
2013060121 99999
2013060203 99999
2013060209 99999
2013060215 99999
2013060221 99999
2013060303 99999
2013060309 99999
2013060315 99999
2013060321 99999
2013060403 99999
2013060409 99999
2013060415 99999
2013060421 99999
2013060503 99999
2013060509 99999
2013060515 99999
2013060521 99999
2013060603 99999
2013060609 99999
2013060615 99999
2013060621 99999
2013060703 99999
2013060709 99999
2013060715 99999
2013060721 99999
2013060803 99999
2013060809 99999
2013060815 99999
2013060821 99999
2013060903    12
2013060909 99999
2013060915 99999
2013060921 99999
2013061003 99999
2013061009 99999
2013061015 99999
2013061021 99999
2013061103 99999
2013061109 99999
2013061115 99999
2013061121 99999
2013061203 99999
2013061209 99999
2013061215 99999
2013061221 99999
2013061303 99999
2013061309 99999
2013061315 99999
2013061321 99999
2013061403 99999
2013061409 99999
2013061415 99999
2013061421 99999
2013061503 99999
2013061509     2
2013061515 99999
2013061521 99999
2013061603 99999
2013061609 99999
2013061615 99999
2013061621 99999
2013061703 99999
2013061709 99999
2013061715     2
2013061721 99999
2013061803 99999
2013061809 99999
2013061815 99999
2013061821 99999
2013061903    33
2013061909    62
2013061915     2
2013061921     1
2013062003 99999
2013062009   296
2013062015   264
2013062021 99999
2013062103 99999
2013062109 99999
2013062115 99999
2013062121 99999
2013062203 99999
2013062209 99999
2013062215 99999
2013062221 99999
2013062303 99999
2013062309 99999
2013062315     2
2013062321 99999
2013062403 99999
2013062409 99999
2013062415 99999
2013062421 99999
2013062503 99999
2013062509 99999
2013062515 99999
2013062521 99999
2013062603 99999
2013062609 99999
2013062615 99999
2013062621 99999
2013062703 99999
2013062709 99999
2013062715 99999
2013062721 99999
2013062803 99999
2013062809 99999
2013062815 99999
2013062821 99999
2013062903 99999
2013062909 99999
2013062915 99999
2013062921 99999
2013063003 99999
2013063009 99999
2013063015 99999
2013063021 99999
2013070103 99999
2013070109 99999
2013070115 99999
2013070121 99999
2013070203 99999
2013070209 99999
2013070215 99999
2013070221 99999
2013070303 99999
2013070309 99999
2013070315 99999
2013070321 99999
2013070403 99999
2013070409 99999
2013070415 99999
2013070421 99999
2013070503 99999
2013070509 99999
2013070515 99999
2013070521 99999
2013070603 99999
2013070609 99999
2013070615 99999
2013070621 99999
2013070703 99999
2013070709 99999
2013070715 99999
2013070721 99999
2013070803 99999
2013070809 99999
2013070815 99999
2013070821 99999
2013070903 99999
2013070909 99999
2013070915 99999
2013070921 99999
2013071003 99999
2013071009 99999
2013071015 99999
2013071021 99999
2013071103 99999
2013071109 99999
2013071115 99999
2013071121 99999
2013071203 99999
2013071209 99999
2013071215 99999
2013071221 99999
2013071303 99999
2013071309 99999
2013071315 99999
2013071321 99999
2013071403 99999
2013071409 99999
2013071415 99999
2013071421 99999
2013071503 99999
2013071509 99999
2013071515 99999
2013071521 99999
2013071603 99999
2013071609 99999
2013071615 99999
2013071621 99999
2013071703 99999
2013071709 99999
2013071715 99999
2013071721 99999
2013071803 99999
2013071809 99999
2013071815 99999
2013071821 99999
2013071903 99999
2013071909 99999
2013071915 99999
2013071921 99999
2013072003 99999
2013072009 99999
2013072015 99999
2013072021 99999
2013072103 99999
2013072109 99999
2013072115 99999
2013072121 99999
2013072203 99999
2013072209 99999
2013072215    10
2013072221    28
2013072303     2
2013072309     7
2013072315   192
2013072321    32
2013072403 99999
2013072409    21
2013072415     5
2013072421 99999
2013072503 99999
2013072509 99999
2013072515    14
2013072521     5
2013072603 99999
2013072609    33
2013072615     2
2013072621 99999
2013072703 99999
2013072709   396
2013072715     8
2013072721   481
2013072803     7
2013072809 99999
2013072815 99999
2013072821 99999
2013072903 99999
2013072909     2
2013072915 99999
2013072921 99999
2013073003 99999
2013073009 99999
2013073015 99999
2013073021 99999
2013073103 99999
2013073109 99999
2013073115 99999
2013073121 99999
2013080103 99999
2013080109 99999
2013080115 99999
2013080121 99999
2013080203 99999
2013080209 99999
2013080215 99999
2013080221 99999
2013080303 99999
2013080309 99999
2013080315 99999
2013080321 99999
2013080403 99999
2013080409 99999
2013080415 99999
2013080421 99999
2013080503 99999
2013080509 99999
2013080515 99999
2013080521    17
2013080603 99999
2013080609 99999
2013080615 99999
2013080621 99999
2013080703 99999
2013080709 99999
2013080715 99999
2013080721 99999
2013080803 99999
2013080809 99999
2013080815 99999
2013080821 99999
2013080903 99999
2013080909 99999
2013080915 99999
2013080921 99999
2013081003 99999
2013081009 99999
2013081015 99999
2013081021 99999
2013081103 99999
2013081109 99999
2013081115 99999
2013081121 99999
2013081203 99999
2013081209 99999
2013081215 99999
2013081221 99999
2013081303    10
2013081309 99999
2013081315     8
2013081321 99999
2013081403 99999
2013081409 99999
2013081415 99999
2013081421 99999
2013081503 99999
2013081509 99999
2013081515 99999
2013081521 99999
2013081603 99999
2013081609 99999
2013081615 99999
2013081621 99999
2013081703 99999
2013081709 99999
2013081715 99999
2013081721 99999
2013081803 99999
2013081809 99999
2013081815 99999
2013081821 99999
2013081903 99999
2013081909     1
2013081915     5
2013081921 99999
2013082003 99999
2013082009 99999
2013082015 99999
2013082021 99999
2013082103 99999
2013082109 99999
2013082115 99999
2013082121 99999
2013082203 99999
2013082209 99999
2013082215 99999
2013082221 99999
2013082303 99999
2013082309 99999
2013082315 99999
2013082321 99999
2013082403 99999
2013082409 99999
2013082415 99999
2013082421 99999
2013082503 99999
2013082509 99999
2013082515     5
2013082521     8
2013082603 99999
2013082609 99999
2013082615 99999
2013082621 99999
2013082703 99999
2013082709 99999
2013082715 99999
2013082721 99999
2013082803 99999
2013082809 99999
2013082815 99999
2013082821 99999
2013082903 99999
2013082909 99999
2013082915 99999
2013082921 99999
2013083003 99999
2013083009 99999
2013083015 99999
2013083021 99999
2013083103 99999
2013083109 99999
2013083115 99999
2013083121 99999
2013090103 99999
2013090109 99999
2013090115 99999
2013090121 99999
2013090203 99999
2013090209 99999
2013090215 99999
2013090221 99999
2013090303 99999
2013090309 99999
2013090315 99999
2013090321 99999
2013090403 99999
2013090409 99999
2013090415 99999
2013090421 99999
2013090503 99999
2013090509 99999
2013090515 99999
2013090521 99999
2013090603 99999
2013090609 99999
2013090615   180
2013090621     7
2013090703     3
2013090709 99999
2013090715 99999
2013090721 99999
2013090803    13
2013090809 99999
2013090815 99999
2013090821 99999
2013090903 99999
2013090909 99999
2013090915 99999
2013090921 99999
2013091003 99999
2013091009 99999
2013091015     3
2013091021 99999
2013091103 99999
2013091109    14
2013091115    22
2013091121 99999
2013091203 99999
2013091209 99999
2013091215     2
2013091221 99999
2013091303 99999
2013091309 99999
2013091315 99999
2013091321 99999
2013091403 99999
2013091409 99999
2013091415 99999
2013091421 99999
2013091503 99999
2013091509 99999
2013091515 99999
2013091521 99999
2013091603 99999
2013091609 99999
2013091615     6
2013091621 99999
2013091703 99999
2013091709 99999
2013091715 99999
2013091721 99999
2013091803 99999
2013091809 99999
2013091815 99999
2013091821 99999
2013091903 99999
2013091909 99999
2013091915 99999
2013091921 99999
2013092003 99999
2013092009 99999
2013092015 99999
2013092021 99999
2013092103 99999
2013092109 99999
2013092115 99999
2013092121 99999
2013092203 99999
2013092209 99999
2013092215 99999
2013092221 99999
2013092303 99999
2013092309 99999
2013092315 99999
2013092321 99999
2013092403 99999
2013092409 99999
2013092415 99999
2013092421 99999
2013092503 99999
2013092509 99999
2013092515 99999
2013092521 99999
2013092603 99999
2013092609 99999
2013092615 99999
2013092621 99999
2013092703 99999
2013092709 99999
2013092715 99999
2013092721 99999
2013092803 99999
2013092809 99999
2013092815 99999
2013092821 99999
2013092903 99999
2013092909 99999
2013092915 99999
2013092921 99999
2013093003 99999
2013093009 99999
2013093015 99999
2013093021 99999
2013100103 99999
2013100109 99999
2013100115 99999
2013100121 99999
2013100203 99999
2013100209 99999
2013100215 99999
2013100221 99999
2013100303 99999
2013100309 99999
2013100315 99999
2013100321 99999
2013100403 99999
2013100409 99999
2013100415 99999
2013100421 99999
2013100503 99999
2013100509 99999
2013100515 99999
2013100521 99999
2013100603 99999
2013100609 99999
2013100615 99999
2013100621 99999
2013100703 99999
2013100709 99999
2013100715 99999
2013100721 99999
2013100803 99999
2013100809 99999
2013100815 99999
2013100821 99999
2013100903 99999
2013100909 99999
2013100915 99999
2013100921 99999
2013101003 99999
2013101009 99999
2013101015 99999
2013101021 99999
2013101103 99999
2013101109 99999
2013101115 99999
2013101121 99999
2013101203 99999
2013101209 99999
2013101215 99999
2013101221 99999
2013101303 99999
2013101309 99999
2013101315 99999
2013101321 99999
2013101403 99999
2013101409 99999
2013101415 99999
2013101421 99999
2013101503 99999
2013101509 99999
2013101515 99999
2013101521 99999
2013101603 99999
2013101609 99999
2013101615 99999
2013101621 99999
2013101703 99999
2013101709 99999
2013101715 99999
2013101721 99999
2013101803 99999
2013101809 99999
2013101815 99999
2013101821 99999
2013101903 99999
2013101909 99999
2013101915 99999
2013101921 99999
2013102003 99999
2013102009 99999
2013102015 99999
2013102021    15
2013102103 99999
2013102109 99999
2013102115 99999
2013102121 99999
2013102203 99999
2013102209 99999
2013102215 99999
2013102221    23
2013102303 99999
2013102309 99999
2013102315     7
2013102321 99999
2013102403 99999
2013102409 99999
2013102415 99999
2013102421 99999
2013102503 99999
2013102509 99999
2013102515 99999
2013102521 99999
2013102603 99999
2013102609 99999
2013102615 99999
2013102621 99999
2013102703 99999
2013102709 99999
2013102715 99999
2013102721 99999
2013102803 99999
2013102809 99999
2013102815 99999
2013102821 99999
2013102903 99999
2013102909 99999
2013102915     2
2013102921 99999
2013103003 99999
2013103009 99999
2013103015 99999
2013103021 99999
2013103103 99999
2013103109 99999
2013103115 99999
2013103121 99999
2013110103 99999
2013110109 99999
2013110115 99999
2013110121 99999
2013110203 99999
2013110209 99999
2013110215 99999
2013110221 99999
2013110303 99999
2013110309 99999
2013110315    19
2013110321    12
2013110403 99999
2013110409 99999
2013110415 99999
2013110421 99999
2013110503 99999
2013110509 99999
2013110515 99999
2013110521 99999
2013110603 99999
2013110609 99999
2013110615 99999
2013110621 99999
2013110703 99999
2013110709 99999
2013110715 99999
2013110721 99999
2013110803 99999
2013110809 99999
2013110815 99999
2013110821 99999
2013110903 99999
2013110909 99999
2013110915 99999
2013110921 99999
2013111003 99999
2013111009     5
2013111015 99999
2013111021 99999
2013111103 99999
2013111109 99999
2013111115 99999
2013111121 99999
2013111203 99999
2013111209 99999
2013111215 99999
2013111221 99999
2013111303 99999
2013111309 99999
2013111315 99999
2013111321 99999
2013111403 99999
2013111409 99999
2013111415 99999
2013111421 99999
2013111503 99999
2013111509 99999
2013111515 99999
2013111521 99999
2013111603 99999
2013111609 99999
2013111615 99999
2013111621 99999
2013111703 99999
2013111709 99999
2013111715 99999
2013111721 99999
2013111803 99999
2013111809 99999
2013111815 99999
2013111821 99999
2013111903 99999
2013111909 99999
2013111915 99999
2013111921 99999
2013112003 99999
2013112009 99999
2013112015 99999
2013112021 99999
2013112103 99999
2013112109 99999
2013112115 99999
2013112121 99999
2013112203 99999
2013112209 99999
2013112215 99999
2013112221 99999
2013112303 99999
2013112309 99999
2013112315 99999
2013112321 99999
2013112403 99999
2013112409 99999
2013112415 99999
2013112421 99999
2013112503 99999
2013112509 99999
2013112515 99999
2013112521 99999
2013112603 99999
2013112609 99999
2013112615 99999
2013112621 99999
2013112703 99999
2013112709 99999
2013112715 99999
2013112721 99999
2013112803 99999
2013112809 99999
2013112815 99999
2013112821 99999
2013112903 99999
2013112909 99999
2013112915 99999
2013112921 99999
2013113003 99999
2013113009 99999
2013113015 99999
2013113021 99999
2013120103 99999
2013120109 99999
2013120115 99999
2013120121 99999
2013120203 99999
2013120209 99999
2013120215 99999
2013120221 99999
2013120303 99999
2013120309 99999
2013120315 99999
2013120321 99999
2013120403 99999
2013120409 99999
2013120415 99999
2013120421 99999
2013120503 99999
2013120509 99999
2013120515    59
2013120521     6
2013120603 99999
2013120609 99999
2013120615 99999
2013120621 99999
2013120703 99999
2013120709 99999
2013120715 99999
2013120721 99999
2013120803 99999
2013120809 99999
2013120815 99999
2013120821 99999
2013120903 99999
2013120909 99999
2013120915 99999
2013120921 99999
2013121003 99999
2013121009 99999
2013121015 99999
2013121021 99999
2013121103 99999
2013121109 99999
2013121115 99999
2013121121 99999
2013121203 99999
2013121209 99999
2013121215 99999
2013121221 99999
2013121303 99999
2013121309 99999
2013121315 99999
2013121321 99999
2013121403 99999
2013121409 99999
2013121415 99999
2013121421 99999
2013121503 99999
2013121509 99999
2013121515 99999
2013121521 99999
2013121603 99999
2013121609 99999
2013121615 99999
2013121621 99999
2013121703 99999
2013121709 99999
2013121715 99999
2013121721 99999
2013121803 99999
2013121809 99999
2013121815 99999
2013121821 99999
2013121903 99999
2013121909 99999
2013121915 99999
2013121921 99999
2013122003 99999
2013122009 99999
2013122015 99999
2013122021 99999
2013122103 99999
2013122109 99999
2013122115 99999
2013122121 99999
2013122203 99999
2013122209 99999
2013122215 99999
2013122221 99999
2013122303 99999
2013122309 99999
2013122315 99999
2013122321 99999
2013122403 99999
2013122409 99999
2013122415 99999
2013122421 99999
2013122503 99999
2013122509 99999
2013122515 99999
2013122521 99999
2013122603 99999
2013122609 99999
2013122615 99999
2013122621 99999
2013122703 99999
2013122709 99999
2013122715 99999
2013122721 99999
2013122803 99999
2013122809 99999
2013122815 99999
2013122821 99999
2013122903 99999
2013122909 99999
2013122915 99999
2013122921 99999
2013123003 99999
2013123009 99999
2013123015 99999
2013123021 99999
2013123103 99999
2013123109 99999
2013123115 99999
2013123121 99999
