2011010100     0
2011010106     0
2011010112     0
2011010118     0
2011010200     0
2011010206     0
2011010212     0
2011010218     0
2011010300     0
2011010306     0
2011010312     0
2011010318     0
2011010400     0
2011010406     0
2011010412     0
2011010418     0
2011010500     0
2011010506     0
2011010512     0
2011010518     0
2011010600     0
2011010606     0
2011010612     0
2011010618     0
2011010700     0
2011010706     0
2011010712     0
2011010718     0
2011010800     0
2011010806     0
2011010812     0
2011010818     0
2011010900     0
2011010906     0
2011010912     0
2011010918     0
2011011000     0
2011011006     0
2011011012     0
2011011018     0
2011011100     0
2011011106     0
2011011112     0
2011011118     0
2011011200     0
2011011206     0
2011011212     0
2011011218     0
2011011300     0
2011011306     0
2011011312     0
2011011318     0
2011011400     0
2011011406     0
2011011412     0
2011011418     0
2011011500     0
2011011506     0
2011011512     0
2011011518     0
2011011600     0
2011011606     0
2011011612     0
2011011618     0
2011011700     0
2011011706     0
2011011712     0
2011011718     0
2011011800     0
2011011806     0
2011011812     0
2011011818     0
2011011900     0
2011011906     0
2011011912     0
2011011918     0
2011012000     0
2011012006     0
2011012012     0
2011012018     0
2011012100     0
2011012106     0
2011012112     0
2011012118     0
2011012200     0
2011012206     0
2011012212     0
2011012218     0
2011012300     0
2011012306     0
2011012312     0
2011012318     0
2011012400     0
2011012406     0
2011012412     0
2011012418     0
2011012500     0
2011012506     0
2011012512     0
2011012518     0
2011012600     0
2011012606     0
2011012612     0
2011012618     0
2011012700     0
2011012706     0
2011012712     0
2011012718     0
2011012800     0
2011012806     0
2011012812     0
2011012818     0
2011012900     0
2011012906     0
2011012912     0
2011012918     0
2011013000     0
2011013006     0
2011013012     0
2011013018     0
2011013100     0
2011013106     0
2011013112     0
2011013118     0
2011020100     0
2011020106     0
2011020112     0
2011020118     0
2011020200     0
2011020206     0
2011020212     0
2011020218     0
2011020300     0
2011020306     0
2011020312     0
2011020318     0
2011020400     0
2011020406     0
2011020412     0
2011020418     0
2011020500     0
2011020506     0
2011020512     0
2011020518     0
2011020600     0
2011020606     0
2011020612     0
2011020618     0
2011020700     0
2011020706     0
2011020712     0
2011020718     0
2011020800     0
2011020806     0
2011020812     0
2011020818     0
2011020900     0
2011020906     0
2011020912     0
2011020918     0
2011021000     0
2011021006     0
2011021012     0
2011021018     0
2011021100     0
2011021106     0
2011021112     0
2011021118     0
2011021200     0
2011021206     0
2011021212     0
2011021218     0
2011021300     0
2011021306     0
2011021312     0
2011021318     0
2011021400     0
2011021406     0
2011021412     0
2011021418     0
2011021500     0
2011021506     0
2011021512     0
2011021518     0
2011021600     0
2011021606     0
2011021612     0
2011021618     0
2011021700     0
2011021706     0
2011021712     0
2011021718     0
2011021800     0
2011021806     0
2011021812     0
2011021818     0
2011021900     0
2011021906     0
2011021912     0
2011021918     0
2011022000     0
2011022006     0
2011022012     0
2011022018     0
2011022100     0
2011022106     0
2011022112     0
2011022118     0
2011022200     0
2011022206     0
2011022212     0
2011022218     0
2011022300     0
2011022306     0
2011022312     0
2011022318     0
2011022400     0
2011022406     0
2011022412     0
2011022418     0
2011022500     0
2011022506     0
2011022512     0
2011022518     0
2011022600     0
2011022606     0
2011022612     0
2011022618     0
2011022700     0
2011022706     0
2011022712     0
2011022718     0
2011022800     0
2011022806     0
2011022812     0
2011022818     0
2011030100     0
2011030106     0
2011030112     0
2011030118     0
2011030200     0
2011030206     0
2011030212     0
2011030218     0
2011030300     0
2011030306     0
2011030312     0
2011030318     0
2011030400     0
2011030406     0
2011030412     0
2011030418     0
2011030500     0
2011030506     0
2011030512     0
2011030518     0
2011030600     0
2011030606     0
2011030612     0
2011030618     0
2011030700     0
2011030706     0
2011030712     0
2011030718     0
2011030800     0
2011030806     0
2011030812     0
2011030818     0
2011030900     0
2011030906     0
2011030912     0
2011030918     0
2011031000     0
2011031006     0
2011031012     0
2011031018     0
2011031100     0
2011031106     0
2011031112     0
2011031118     0
2011031200     0
2011031206     0
2011031212     0
2011031218     0
2011031300     0
2011031306     0
2011031312     0
2011031318     0
2011031400     0
2011031406     0
2011031412     0
2011031418     0
2011031500     0
2011031506     0
2011031512     0
2011031518     0
2011031600     0
2011031606     0
2011031612     0
2011031618     0
2011031700     0
2011031706     0
2011031712     0
2011031718     0
2011031800     0
2011031806     0
2011031812     0
2011031818     0
2011031900     0
2011031906     0
2011031912     0
2011031918     0
2011032000     0
2011032006     0
2011032012     0
2011032018     0
2011032100     0
2011032106     0
2011032112     0
2011032118     0
2011032200     0
2011032206     0
2011032212     0
2011032218     0
2011032300     0
2011032306     0
2011032312     0
2011032318     0
2011032400     0
2011032406     0
2011032412     0
2011032418     0
2011032500     0
2011032506     0
2011032512     0
2011032518     0
2011032600     0
2011032606     0
2011032612     0
2011032618     0
2011032700     0
2011032706     0
2011032712     0
2011032718     0
2011032800     0
2011032806     0
2011032812     0
2011032818     0
2011032900     0
2011032906     0
2011032912     0
2011032918     0
2011033000     0
2011033006     0
2011033012     0
2011033018     0
2011033100     0
2011033106     0
2011033112     0
2011033118     0
2011040100     0
2011040106     0
2011040112     0
2011040118     0
2011040200     0
2011040206     0
2011040212     0
2011040218     0
2011040300     0
2011040306     0
2011040312     0
2011040318     0
2011040400     0
2011040406     0
2011040412     0
2011040418     0
2011040500     0
2011040506     0
2011040512     0
2011040518     0
2011040600     0
2011040606     0
2011040612     0
2011040618     0
2011040700     0
2011040706     0
2011040712     0
2011040718     0
2011040800     0
2011040806     0
2011040812     0
2011040818     0
2011040900     0
2011040906     0
2011040912     0
2011040918     0
2011041000     0
2011041006     0
2011041012     0
2011041018     0
2011041100     0
2011041106     0
2011041112     0
2011041118     0
2011041200     0
2011041206     0
2011041212     0
2011041218     0
2011041300     0
2011041306     0
2011041312     0
2011041318     0
2011041400     0
2011041406     0
2011041412     0
2011041418     0
2011041500     0
2011041506     0
2011041512     0
2011041518     0
2011041600     0
2011041606     0
2011041612     0
2011041618     0
2011041700     0
2011041706     0
2011041712     0
2011041718     0
2011041800     0
2011041806     0
2011041812     0
2011041818     0
2011041900     0
2011041906     0
2011041912     0
2011041918     0
2011042000     0
2011042006     0
2011042012     0
2011042018     0
2011042100     0
2011042106     0
2011042112     0
2011042118     0
2011042200     0
2011042206     0
2011042212     0
2011042218     0
2011042300     0
2011042306     0
2011042312     0
2011042318     0
2011042400     0
2011042406     0
2011042412     0
2011042418     0
2011042500     0
2011042506     0
2011042512     0
2011042518     0
2011042600     0
2011042606     0
2011042612     0
2011042618     0
2011042700     0
2011042706     0
2011042712     0
2011042718     0
2011042800     0
2011042806     0
2011042812     0
2011042818     0
2011042900     0
2011042906     0
2011042912     0
2011042918     0
2011043000     0
2011043006     0
2011043012     0
2011043018     0
2011050100     0
2011050106     0
2011050112     0
2011050118     0
2011050200     0
2011050206     0
2011050212     0
2011050218     0
2011050300     0
2011050306     0
2011050312     0
2011050318     0
2011050400     0
2011050406     0
2011050412     0
2011050418     0
2011050500     0
2011050506     0
2011050512     0
2011050518     0
2011050600     0
2011050606     0
2011050612     0
2011050618     0
2011050700     0
2011050706     0
2011050712     0
2011050718     0
2011050800     0
2011050806     0
2011050812     0
2011050818     0
2011050900     0
2011050906     0
2011050912     0
2011050918     0
2011051000     0
2011051006     0
2011051012     0
2011051018     0
2011051100    13
2011051106     0
2011051112     0
2011051118     0
2011051200     0
2011051206     0
2011051212     0
2011051218     0
2011051300     0
2011051306     0
2011051312     0
2011051318     0
2011051400     0
2011051406     0
2011051412     0
2011051418     0
2011051500     0
2011051506     0
2011051512     0
2011051518     0
2011051600     0
2011051606     0
2011051612     0
2011051618     0
2011051700     0
2011051706     0
2011051712     0
2011051718     0
2011051800     0
2011051806     0
2011051812     0
2011051818     0
2011051900     0
2011051906     0
2011051912     0
2011051918     0
2011052000     0
2011052006     0
2011052012     0
2011052018     0
2011052100     0
2011052106     0
2011052112     0
2011052118     0
2011052200     0
2011052206     0
2011052212     0
2011052218     0
2011052300     0
2011052306     0
2011052312     0
2011052318     0
2011052400     0
2011052406     0
2011052412     0
2011052418     0
2011052500     0
2011052506     0
2011052512     0
2011052518     0
2011052600     0
2011052606     0
2011052612     0
2011052618     0
2011052700     0
2011052706     0
2011052712     0
2011052718     0
2011052800     0
2011052806     0
2011052812     0
2011052818     0
2011052900     0
2011052906     0
2011052912     0
2011052918     0
2011053000     0
2011053006     0
2011053012     0
2011053018     0
2011053100     0
2011053106     0
2011053112     0
2011053118     0
2011060100     0
2011060106     0
2011060112     0
2011060118     0
2011060200     0
2011060206     0
2011060212     0
2011060218     0
2011060300     0
2011060306     0
2011060312     0
2011060318     0
2011060400     0
2011060406     0
2011060412     0
2011060418     0
2011060500     0
2011060506     0
2011060512   317
2011060518     8
2011060600     0
2011060606     0
2011060612     0
2011060618     0
2011060700     0
2011060706     0
2011060712     0
2011060718     0
2011060800     0
2011060806     0
2011060812     0
2011060818     0
2011060900     0
2011060906     0
2011060912     0
2011060918     0
2011061000     0
2011061006     0
2011061012     0
2011061018    33
2011061100    25
2011061106     0
2011061112    17
2011061118     1
2011061200     0
2011061206     0
2011061212     0
2011061218     0
2011061300     0
2011061306     0
2011061312     0
2011061318     0
2011061400     0
2011061406     0
2011061412     0
2011061418     0
2011061500     0
2011061506     0
2011061512     0
2011061518     0
2011061600     0
2011061606     0
2011061612     0
2011061618    54
2011061700    46
2011061706     0
2011061712     0
2011061718     0
2011061800     0
2011061806     0
2011061812     0
2011061818     4
2011061900     3
2011061906     0
2011061912     0
2011061918     0
2011062000     0
2011062006     0
2011062012     0
2011062018     0
2011062100     0
2011062106     0
2011062112     0
2011062118     0
2011062200     0
2011062206     0
2011062212     0
2011062218     1
2011062300     0
2011062306     2
2011062312     4
2011062318     5
2011062400     6
2011062406     0
2011062412     0
2011062418     0
2011062500     0
2011062506     0
2011062512     0
2011062518     0
2011062600     0
2011062606     0
2011062612     0
2011062618     0
2011062700     0
2011062706     0
2011062712     0
2011062718     0
2011062800     0
2011062806     0
2011062812     0
2011062818   608
2011062900   178
2011062906     3
2011062912     0
2011062918     0
2011063000     0
2011063006     0
2011063012     0
2011063018     0
2011070100     3
2011070106     0
2011070112     0
2011070118     0
2011070200     0
2011070206     0
2011070212     0
2011070218     0
2011070300     0
2011070306     0
2011070312     0
2011070318     0
2011070400     0
2011070406     0
2011070412     0
2011070418     0
2011070500     0
2011070506     0
2011070512     0
2011070518     0
2011070600     0
2011070606     0
2011070612     0
2011070618     0
2011070700     0
2011070706     0
2011070712     0
2011070718     0
2011070800     0
2011070806     1
2011070812    52
2011070818     0
2011070900     0
2011070906     0
2011070912     0
2011070918     0
2011071000     0
2011071006     0
2011071012     1
2011071018     0
2011071100     0
2011071106     0
2011071112     0
2011071118     0
2011071200     0
2011071206     0
2011071212     0
2011071218     0
2011071300     0
2011071306     0
2011071312     0
2011071318     0
2011071400     0
2011071406     0
2011071412     0
2011071418     0
2011071500     0
2011071506     0
2011071512     0
2011071518     0
2011071600     0
2011071606     0
2011071612     0
2011071618     0
2011071700     0
2011071706     0
2011071712     0
2011071718     2
2011071800     6
2011071806     1
2011071812     0
2011071818     0
2011071900     0
2011071906     0
2011071912     0
2011071918     0
2011072000     0
2011072006     0
2011072012     0
2011072018     0
2011072100     0
2011072106     0
2011072112     0
2011072118     0
2011072200     0
2011072206     0
2011072212     0
2011072218     0
2011072300     0
2011072306     0
2011072312     0
2011072318     0
2011072400     0
2011072406     0
2011072412     0
2011072418     0
2011072500     0
2011072506     0
2011072512     0
2011072518     0
2011072600     0
2011072606     0
2011072612     0
2011072618     0
2011072700     0
2011072706     0
2011072712     0
2011072718     7
2011072800     0
2011072806     0
2011072812     0
2011072818     0
2011072900     0
2011072906     0
2011072912     0
2011072918     0
2011073000     0
2011073006     0
2011073012     0
2011073018     0
2011073100     0
2011073106     0
2011073112     0
2011073118     0
2011080100     0
2011080106     0
2011080112     0
2011080118     0
2011080200     0
2011080206     0
2011080212     0
2011080218     0
2011080300     0
2011080306     0
2011080312     0
2011080318     0
2011080400     0
2011080406     0
2011080412     0
2011080418     0
2011080500     0
2011080506     0
2011080512     0
2011080518     0
2011080600     0
2011080606     0
2011080612    30
2011080618    20
2011080700     0
2011080706     0
2011080712     0
2011080718     0
2011080800     2
2011080806   155
2011080812     7
2011080818     8
2011080900     0
2011080906     0
2011080912     0
2011080918     0
2011081000     0
2011081006     0
2011081012     0
2011081018     0
2011081100     0
2011081106     0
2011081112     0
2011081118     0
2011081200     0
2011081206     0
2011081212     0
2011081218     0
2011081300     0
2011081306     0
2011081312     0
2011081318     0
2011081400     0
2011081406     0
2011081412     0
2011081418     0
2011081500     0
2011081506     0
2011081512     0
2011081518     0
2011081600     0
2011081606     0
2011081612     0
2011081618     0
2011081700     0
2011081706     0
2011081712     0
2011081718     0
2011081800     0
2011081806     0
2011081812     0
2011081818     3
2011081900     5
2011081906     0
2011081912     0
2011081918     0
2011082000     0
2011082006     0
2011082012     0
2011082018     0
2011082100     0
2011082106     0
2011082112     0
2011082118     0
2011082200     0
2011082206     0
2011082212     0
2011082218     0
2011082300     0
2011082306     0
2011082312     0
2011082318     9
2011082400     0
2011082406     0
2011082412     0
2011082418     0
2011082500     0
2011082506     0
2011082512     4
2011082518    12
2011082600     0
2011082606   615
2011082612    21
2011082618     0
2011082700     0
2011082706     0
2011082712   402
2011082718    54
2011082800    57
2011082806     0
2011082812     1
2011082818     4
2011082900     2
2011082906     0
2011082912     0
2011082918     0
2011083000     0
2011083006     0
2011083012     0
2011083018     0
2011083100     0
2011083106     0
2011083112     0
2011083118     0
2011090100     0
2011090106     0
2011090112     0
2011090118     0
2011090200     0
2011090206     0
2011090212     0
2011090218     0
2011090300     0
2011090306     0
2011090312     0
2011090318     0
2011090400    74
2011090406     0
2011090412     0
2011090418     0
2011090500     0
2011090506     0
2011090512     0
2011090518   428
2011090600     8
2011090606     0
2011090612     0
2011090618     0
2011090700     0
2011090706     0
2011090712     0
2011090718     1
2011090800     0
2011090806     0
2011090812     0
2011090818     0
2011090900     0
2011090906     0
2011090912     0
2011090918     0
2011091000     0
2011091006     0
2011091012     0
2011091018   229
2011091100   217
2011091106     0
2011091112     0
2011091118     0
2011091200     0
2011091206     0
2011091212     0
2011091218     0
2011091300     0
2011091306     0
2011091312     0
2011091318    44
2011091400     0
2011091406     0
2011091412     0
2011091418     0
2011091500     0
2011091506     0
2011091512     0
2011091518     0
2011091600     0
2011091606     0
2011091612     0
2011091618     1
2011091700     0
2011091706     0
2011091712     0
2011091718     0
2011091800    19
2011091806     1
2011091812     1
2011091818    36
2011091900     0
2011091906     0
2011091912     0
2011091918     0
2011092000     0
2011092006     0
2011092012     0
2011092018     0
2011092100     0
2011092106     0
2011092112     0
2011092118     0
2011092200     0
2011092206     0
2011092212     0
2011092218     0
2011092300     0
2011092306     0
2011092312     0
2011092318     0
2011092400     0
2011092406     0
2011092412     0
2011092418     0
2011092500     0
2011092506     0
2011092512     0
2011092518     0
2011092600     0
2011092606     0
2011092612     0
2011092618     0
2011092700     0
2011092706     0
2011092712     0
2011092718     0
2011092800     0
2011092806     0
2011092812     0
2011092818     0
2011092900     0
2011092906     0
2011092912     0
2011092918     0
2011093000     0
2011093006     0
2011093012     0
2011093018     0
2011100100     0
2011100106     0
2011100112     0
2011100118     0
2011100200     0
2011100206     0
2011100212     0
2011100218     0
2011100300     0
2011100306     0
2011100312     0
2011100318     0
2011100400     0
2011100406     0
2011100412     0
2011100418     0
2011100500     0
2011100506     0
2011100512     0
2011100518     0
2011100600     0
2011100606     0
2011100612     3
2011100618    83
2011100700    18
2011100706     0
2011100712     0
2011100718     0
2011100800     3
2011100806     0
2011100812     0
2011100818     0
2011100900     0
2011100906     0
2011100912     0
2011100918     0
2011101000     0
2011101006     0
2011101012     0
2011101018     0
2011101100     0
2011101106     0
2011101112     0
2011101118     0
2011101200     0
2011101206     0
2011101212     0
2011101218     0
2011101300     0
2011101306     0
2011101312     0
2011101318     0
2011101400     0
2011101406     0
2011101412     0
2011101418     0
2011101500     0
2011101506     0
2011101512     0
2011101518     0
2011101600     0
2011101606     0
2011101612     0
2011101618     0
2011101700     0
2011101706     0
2011101712     0
2011101718     0
2011101800     0
2011101806     0
2011101812     0
2011101818     5
2011101900     0
2011101906     0
2011101912     0
2011101918     0
2011102000     0
2011102006     0
2011102012     0
2011102018     0
2011102100     0
2011102106     0
2011102112     0
2011102118     0
2011102200     0
2011102206     0
2011102212     0
2011102218     0
2011102300     0
2011102306     0
2011102312     0
2011102318     0
2011102400     0
2011102406     0
2011102412     0
2011102418     0
2011102500     0
2011102506     0
2011102512     0
2011102518     1
2011102600     0
2011102606     0
2011102612     0
2011102618     0
2011102700     0
2011102706     0
2011102712     0
2011102718     0
2011102800     0
2011102806     0
2011102812     0
2011102818     0
2011102900     0
2011102906     0
2011102912     0
2011102918     0
2011103000     0
2011103006     0
2011103012     0
2011103018     0
2011103100     0
2011103106     0
2011103112     0
2011103118     0
2011110100     0
2011110106     0
2011110112     0
2011110118     0
2011110200     0
2011110206     0
2011110212     0
2011110218     0
2011110300     0
2011110306     0
2011110312     0
2011110318     0
2011110400     0
2011110406     0
2011110412     0
2011110418     0
2011110500     0
2011110506     0
2011110512     0
2011110518     0
2011110600     0
2011110606     0
2011110612     0
2011110618     0
2011110700     0
2011110706     0
2011110712     0
2011110718     0
2011110800     0
2011110806     0
2011110812     0
2011110818     0
2011110900     0
2011110906     0
2011110912     0
2011110918     0
2011111000     0
2011111006     0
2011111012     0
2011111018     0
2011111100     0
2011111106     0
2011111112     0
2011111118     0
2011111200     0
2011111206     0
2011111212     0
2011111218     0
2011111300     0
2011111306     0
2011111312     0
2011111318     0
2011111400     0
2011111406     0
2011111412     0
2011111418     0
2011111500     0
2011111506     0
2011111512     0
2011111518     0
2011111600     0
2011111606     0
2011111612     0
2011111618     0
2011111700     0
2011111706     0
2011111712     0
2011111718     0
2011111800     0
2011111806     0
2011111812     0
2011111818     0
2011111900     0
2011111906     0
2011111912     0
2011111918     0
2011112000     0
2011112006     0
2011112012     0
2011112018     0
2011112100     0
2011112106     0
2011112112     0
2011112118     0
2011112200     0
2011112206     0
2011112212     0
2011112218     0
2011112300     0
2011112306     0
2011112312     0
2011112318     0
2011112400     0
2011112406     0
2011112412     0
2011112418     0
2011112500     0
2011112506     0
2011112512     0
2011112518     0
2011112600     0
2011112606     0
2011112612     0
2011112618     0
2011112700     0
2011112706     0
2011112712     0
2011112718     0
2011112800     0
2011112806     0
2011112812     0
2011112818     0
2011112900     0
2011112906     0
2011112912     0
2011112918     0
2011113000     0
2011113006     0
2011113012     0
2011113018     0
2011120100     0
2011120106     0
2011120112     0
2011120118     0
2011120200     0
2011120206     0
2011120212     0
2011120218     0
2011120300     0
2011120306     0
2011120312     0
2011120318     0
2011120400     0
2011120406     0
2011120412     0
2011120418     0
2011120500    19
2011120506     2
2011120512    12
2011120518    23
2011120600    34
2011120606    17
2011120612    16
2011120618     1
2011120700     0
2011120706    21
2011120712     0
2011120718     0
2011120800     0
2011120806     0
2011120812     0
2011120818     0
2011120900     0
2011120906     0
2011120912     1
2011120918    23
2011121000     0
2011121006     0
2011121012     0
2011121018     0
2011121100     0
2011121106     0
2011121112     0
2011121118     0
2011121200     0
2011121206     0
2011121212     0
2011121218     0
2011121300     0
2011121306     0
2011121312     1
2011121318     0
2011121400     2
2011121406    23
2011121412     0
2011121418     5
2011121500     6
2011121506     1
2011121512     0
2011121518     0
2011121600     0
2011121606     0
2011121612     0
2011121618     0
2011121700     0
2011121706     0
2011121712     0
2011121718     3
2011121800     0
2011121806     0
2011121812     0
2011121818     0
2011121900     0
2011121906     0
2011121912     0
2011121918     0
2011122000     0
2011122006     0
2011122012     0
2011122018     0
2011122100     0
2011122106     0
2011122112     0
2011122118     0
2011122200     0
2011122206     0
2011122212     0
2011122218     0
2011122300     0
2011122306     0
2011122312     0
2011122318     0
2011122400     0
2011122406     0
2011122412     0
2011122418     0
2011122500     0
2011122506     0
2011122512     0
2011122518     0
2011122600     0
2011122606     0
2011122612     0
2011122618     0
2011122700     0
2011122706     0
2011122712     0
2011122718     0
2011122800     0
2011122806     0
2011122812     0
2011122818     0
2011122900     0
2011122906     0
2011122912     0
2011122918     0
2011123000     2
2011123006     0
2011123012     0
2011123018     0
2011123100     0
2011123106     0
2011123112     0
2011123118     0
