2010010103 99999
2010010109 99999
2010010115 99999
2010010121 99999
2010010203 99999
2010010209 99999
2010010215 99999
2010010221 99999
2010010303 99999
2010010309 99999
2010010315 99999
2010010321 99999
2010010403 99999
2010010409 99999
2010010415 99999
2010010421 99999
2010010503 99999
2010010509 99999
2010010515 99999
2010010521 99999
2010010603 99999
2010010609 99999
2010010615 99999
2010010621 99999
2010010703 99999
2010010709 99999
2010010715 99999
2010010721 99999
2010010803 99999
2010010809 99999
2010010815 99999
2010010821 99999
2010010903 99999
2010010909 99999
2010010915 99999
2010010921 99999
2010011003 99999
2010011009 99999
2010011015 99999
2010011021 99999
2010011103 99999
2010011109 99999
2010011115 99999
2010011121 99999
2010011203 99999
2010011209 99999
2010011215 99999
2010011221 99999
2010011303 99999
2010011309 99999
2010011315 99999
2010011321 99999
2010011403 99999
2010011409 99999
2010011415 99999
2010011421 99999
2010011503 99999
2010011509 99999
2010011515 99999
2010011521 99999
2010011603 99999
2010011609 99999
2010011615 99999
2010011621 99999
2010011703 99999
2010011709 99999
2010011715 99999
2010011721 99999
2010011803 99999
2010011809 99999
2010011815 99999
2010011821 99999
2010011903 99999
2010011909 99999
2010011915 99999
2010011921 99999
2010012003 99999
2010012009 99999
2010012015 99999
2010012021 99999
2010012103 99999
2010012109 99999
2010012115 99999
2010012121 99999
2010012203 99999
2010012209 99999
2010012215 99999
2010012221 99999
2010012303 99999
2010012309 99999
2010012315 99999
2010012321 99999
2010012403 99999
2010012409 99999
2010012415 99999
2010012421 99999
2010012503 99999
2010012509 99999
2010012515 99999
2010012521 99999
2010012603 99999
2010012609 99999
2010012615 99999
2010012621 99999
2010012703 99999
2010012709 99999
2010012715 99999
2010012721 99999
2010012803 99999
2010012809 99999
2010012815 99999
2010012821 99999
2010012903 99999
2010012909 99999
2010012915 99999
2010012921 99999
2010013003     2
2010013009 99999
2010013015 99999
2010013021 99999
2010013103 99999
2010013109 99999
2010013115 99999
2010013121 99999
2010020103 99999
2010020109 99999
2010020115     2
2010020121 99999
2010020203 99999
2010020209 99999
2010020215 99999
2010020221 99999
2010020303 99999
2010020309 99999
2010020315 99999
2010020321 99999
2010020403 99999
2010020409 99999
2010020415 99999
2010020421 99999
2010020503 99999
2010020509 99999
2010020515 99999
2010020521 99999
2010020603 99999
2010020609 99999
2010020615 99999
2010020621 99999
2010020703 99999
2010020709 99999
2010020715 99999
2010020721 99999
2010020803 99999
2010020809 99999
2010020815 99999
2010020821 99999
2010020903 99999
2010020909 99999
2010020915 99999
2010020921 99999
2010021003 99999
2010021009 99999
2010021015 99999
2010021021 99999
2010021103 99999
2010021109 99999
2010021115 99999
2010021121 99999
2010021203 99999
2010021209 99999
2010021215 99999
2010021221 99999
2010021303 99999
2010021309 99999
2010021315 99999
2010021321 99999
2010021403 99999
2010021409 99999
2010021415 99999
2010021421 99999
2010021503 99999
2010021509 99999
2010021515 99999
2010021521 99999
2010021603 99999
2010021609 99999
2010021615 99999
2010021621 99999
2010021703 99999
2010021709 99999
2010021715 99999
2010021721 99999
2010021803 99999
2010021809 99999
2010021815 99999
2010021821 99999
2010021903 99999
2010021909 99999
2010021915 99999
2010021921 99999
2010022003 99999
2010022009 99999
2010022015 99999
2010022021 99999
2010022103 99999
2010022109 99999
2010022115 99999
2010022121 99999
2010022203 99999
2010022209 99999
2010022215 99999
2010022221 99999
2010022303 99999
2010022309 99999
2010022315 99999
2010022321 99999
2010022403 99999
2010022409 99999
2010022415 99999
2010022421 99999
2010022503 99999
2010022509 99999
2010022515 99999
2010022521 99999
2010022603 99999
2010022609 99999
2010022615 99999
2010022621 99999
2010022703 99999
2010022709 99999
2010022715 99999
2010022721 99999
2010022803 99999
2010022809 99999
2010022815 99999
2010022821 99999
2010030103 99999
2010030109 99999
2010030115 99999
2010030121 99999
2010030203 99999
2010030209 99999
2010030215 99999
2010030221 99999
2010030303 99999
2010030309 99999
2010030315 99999
2010030321 99999
2010030403 99999
2010030409 99999
2010030415 99999
2010030421 99999
2010030503 99999
2010030509 99999
2010030515 99999
2010030521 99999
2010030603 99999
2010030609 99999
2010030615 99999
2010030621 99999
2010030703 99999
2010030709 99999
2010030715 99999
2010030721 99999
2010030803 99999
2010030809 99999
2010030815 99999
2010030821 99999
2010030903 99999
2010030909 99999
2010030915 99999
2010030921 99999
2010031003 99999
2010031009 99999
2010031015 99999
2010031021 99999
2010031103 99999
2010031109 99999
2010031115 99999
2010031121 99999
2010031203 99999
2010031209 99999
2010031215 99999
2010031221 99999
2010031303 99999
2010031309 99999
2010031315 99999
2010031321 99999
2010031403 99999
2010031409 99999
2010031415 99999
2010031421 99999
2010031503 99999
2010031509 99999
2010031515 99999
2010031521 99999
2010031603 99999
2010031609 99999
2010031615 99999
2010031621 99999
2010031703 99999
2010031709 99999
2010031715 99999
2010031721 99999
2010031803 99999
2010031809 99999
2010031815 99999
2010031821 99999
2010031903 99999
2010031909 99999
2010031915 99999
2010031921 99999
2010032003 99999
2010032009 99999
2010032015 99999
2010032021     7
2010032103 99999
2010032109 99999
2010032115 99999
2010032121 99999
2010032203 99999
2010032209 99999
2010032215 99999
2010032221 99999
2010032303 99999
2010032309 99999
2010032315 99999
2010032321 99999
2010032403 99999
2010032409 99999
2010032415 99999
2010032421 99999
2010032503 99999
2010032509 99999
2010032515 99999
2010032521 99999
2010032603 99999
2010032609 99999
2010032615 99999
2010032621 99999
2010032703 99999
2010032709 99999
2010032715 99999
2010032721 99999
2010032803 99999
2010032809 99999
2010032815 99999
2010032821 99999
2010032903 99999
2010032909 99999
2010032915 99999
2010032921 99999
2010033003 99999
2010033009 99999
2010033015 99999
2010033021 99999
2010033103 99999
2010033109 99999
2010033115 99999
2010033121 99999
2010040103 99999
2010040109 99999
2010040115 99999
2010040121 99999
2010040203 99999
2010040209 99999
2010040215 99999
2010040221 99999
2010040303 99999
2010040309 99999
2010040315     3
2010040321 99999
2010040403 99999
2010040409 99999
2010040415 99999
2010040421 99999
2010040503 99999
2010040509 99999
2010040515 99999
2010040521 99999
2010040603 99999
2010040609 99999
2010040615 99999
2010040621 99999
2010040703 99999
2010040709 99999
2010040715 99999
2010040721 99999
2010040803 99999
2010040809 99999
2010040815 99999
2010040821 99999
2010040903 99999
2010040909 99999
2010040915 99999
2010040921 99999
2010041003 99999
2010041009 99999
2010041015 99999
2010041021 99999
2010041103 99999
2010041109 99999
2010041115 99999
2010041121 99999
2010041203 99999
2010041209 99999
2010041215 99999
2010041221 99999
2010041303 99999
2010041309 99999
2010041315 99999
2010041321 99999
2010041403 99999
2010041409 99999
2010041415 99999
2010041421 99999
2010041503 99999
2010041509 99999
2010041515 99999
2010041521 99999
2010041603 99999
2010041609 99999
2010041615 99999
2010041621 99999
2010041703 99999
2010041709 99999
2010041715 99999
2010041721 99999
2010041803 99999
2010041809 99999
2010041815 99999
2010041821 99999
2010041903 99999
2010041909 99999
2010041915 99999
2010041921 99999
2010042003 99999
2010042009 99999
2010042015 99999
2010042021 99999
2010042103 99999
2010042109 99999
2010042115 99999
2010042121 99999
2010042203 99999
2010042209 99999
2010042215 99999
2010042221 99999
2010042303 99999
2010042309 99999
2010042315 99999
2010042321 99999
2010042403 99999
2010042409 99999
2010042415 99999
2010042421 99999
2010042503 99999
2010042509 99999
2010042515 99999
2010042521 99999
2010042603 99999
2010042609 99999
2010042615 99999
2010042621 99999
2010042703 99999
2010042709 99999
2010042715 99999
2010042721 99999
2010042803 99999
2010042809 99999
2010042815 99999
2010042821 99999
2010042903 99999
2010042909 99999
2010042915 99999
2010042921    24
2010043003 99999
2010043009 99999
2010043015 99999
2010043021 99999
2010050103 99999
2010050109 99999
2010050115 99999
2010050121 99999
2010050203 99999
2010050209 99999
2010050215 99999
2010050221 99999
2010050303 99999
2010050309 99999
2010050315 99999
2010050321 99999
2010050403 99999
2010050409 99999
2010050415 99999
2010050421 99999
2010050503 99999
2010050509 99999
2010050515 99999
2010050521 99999
2010050603 99999
2010050609 99999
2010050615 99999
2010050621 99999
2010050703 99999
2010050709 99999
2010050715 99999
2010050721 99999
2010050803 99999
2010050809 99999
2010050815 99999
2010050821 99999
2010050903 99999
2010050909 99999
2010050915 99999
2010050921 99999
2010051003 99999
2010051009 99999
2010051015 99999
2010051021 99999
2010051103 99999
2010051109 99999
2010051115 99999
2010051121 99999
2010051203 99999
2010051209 99999
2010051215 99999
2010051221 99999
2010051303 99999
2010051309 99999
2010051315 99999
2010051321 99999
2010051403 99999
2010051409 99999
2010051415 99999
2010051421 99999
2010051503 99999
2010051509 99999
2010051515 99999
2010051521 99999
2010051603 99999
2010051609 99999
2010051615 99999
2010051621 99999
2010051703 99999
2010051709 99999
2010051715 99999
2010051721 99999
2010051803 99999
2010051809 99999
2010051815 99999
2010051821 99999
2010051903 99999
2010051909 99999
2010051915 99999
2010051921 99999
2010052003 99999
2010052009 99999
2010052015 99999
2010052021 99999
2010052103 99999
2010052109 99999
2010052115 99999
2010052121 99999
2010052203 99999
2010052209 99999
2010052215 99999
2010052221 99999
2010052303 99999
2010052309 99999
2010052315 99999
2010052321 99999
2010052403 99999
2010052409 99999
2010052415 99999
2010052421 99999
2010052503 99999
2010052509 99999
2010052515 99999
2010052521 99999
2010052603 99999
2010052609 99999
2010052615 99999
2010052621 99999
2010052703 99999
2010052709 99999
2010052715 99999
2010052721 99999
2010052803 99999
2010052809 99999
2010052815 99999
2010052821 99999
2010052903 99999
2010052909 99999
2010052915 99999
2010052921 99999
2010053003 99999
2010053009 99999
2010053015    14
2010053021 99999
2010053103 99999
2010053109 99999
2010053115 99999
2010053121 99999
2010060103 99999
2010060109 99999
2010060115 99999
2010060121 99999
2010060203 99999
2010060209 99999
2010060215 99999
2010060221 99999
2010060303 99999
2010060309 99999
2010060315 99999
2010060321 99999
2010060403 99999
2010060409 99999
2010060415 99999
2010060421 99999
2010060503 99999
2010060509 99999
2010060515 99999
2010060521 99999
2010060603 99999
2010060609 99999
2010060615 99999
2010060621 99999
2010060703 99999
2010060709 99999
2010060715 99999
2010060721 99999
2010060803 99999
2010060809 99999
2010060815     7
2010060821 99999
2010060903 99999
2010060909 99999
2010060915 99999
2010060921 99999
2010061003 99999
2010061009 99999
2010061015 99999
2010061021 99999
2010061103 99999
2010061109 99999
2010061115 99999
2010061121 99999
2010061203 99999
2010061209 99999
2010061215 99999
2010061221 99999
2010061303 99999
2010061309 99999
2010061315 99999
2010061321 99999
2010061403 99999
2010061409 99999
2010061415 99999
2010061421 99999
2010061503 99999
2010061509 99999
2010061515 99999
2010061521 99999
2010061603 99999
2010061609 99999
2010061615 99999
2010061621 99999
2010061703 99999
2010061709 99999
2010061715 99999
2010061721 99999
2010061803 99999
2010061809 99999
2010061815 99999
2010061821 99999
2010061903 99999
2010061909 99999
2010061915 99999
2010061921 99999
2010062003 99999
2010062009 99999
2010062015 99999
2010062021 99999
2010062103 99999
2010062109 99999
2010062115 99999
2010062121 99999
2010062203 99999
2010062209 99999
2010062215 99999
2010062221 99999
2010062303 99999
2010062309 99999
2010062315 99999
2010062321 99999
2010062403 99999
2010062409 99999
2010062415 99999
2010062421 99999
2010062503 99999
2010062509 99999
2010062515 99999
2010062521 99999
2010062603 99999
2010062609 99999
2010062615 99999
2010062621 99999
2010062703 99999
2010062709 99999
2010062715 99999
2010062721 99999
2010062803 99999
2010062809 99999
2010062815 99999
2010062821 99999
2010062903 99999
2010062909 99999
2010062915 99999
2010062921 99999
2010063003 99999
2010063009 99999
2010063015 99999
2010063021 99999
2010070103 99999
2010070109 99999
2010070115 99999
2010070121 99999
2010070203 99999
2010070209 99999
2010070215     2
2010070221     7
2010070303    13
2010070309 99999
2010070315     1
2010070321 99999
2010070403 99999
2010070409 99999
2010070415 99999
2010070421 99999
2010070503 99999
2010070509 99999
2010070515 99999
2010070521 99999
2010070603 99999
2010070609 99999
2010070615 99999
2010070621 99999
2010070703 99999
2010070709 99999
2010070715 99999
2010070721 99999
2010070803 99999
2010070809 99999
2010070815 99999
2010070821 99999
2010070903 99999
2010070909 99999
2010070915 99999
2010070921 99999
2010071003 99999
2010071009 99999
2010071015 99999
2010071021    78
2010071103 99999
2010071109 99999
2010071115 99999
2010071121 99999
2010071203 99999
2010071209    32
2010071215     8
2010071221 99999
2010071303 99999
2010071309 99999
2010071315 99999
2010071321 99999
2010071403 99999
2010071409 99999
2010071415    11
2010071421     1
2010071503 99999
2010071509 99999
2010071515 99999
2010071521 99999
2010071603 99999
2010071609 99999
2010071615 99999
2010071621 99999
2010071703 99999
2010071709 99999
2010071715 99999
2010071721 99999
2010071803 99999
2010071809 99999
2010071815 99999
2010071821 99999
2010071903 99999
2010071909 99999
2010071915 99999
2010071921 99999
2010072003 99999
2010072009 99999
2010072015 99999
2010072021 99999
2010072103 99999
2010072109 99999
2010072115 99999
2010072121 99999
2010072203 99999
2010072209 99999
2010072215 99999
2010072221 99999
2010072303     1
2010072309     1
2010072315     5
2010072321 99999
2010072403 99999
2010072409 99999
2010072415 99999
2010072421 99999
2010072503 99999
2010072509 99999
2010072515 99999
2010072521 99999
2010072603 99999
2010072609 99999
2010072615 99999
2010072621 99999
2010072703 99999
2010072709 99999
2010072715 99999
2010072721 99999
2010072803 99999
2010072809 99999
2010072815 99999
2010072821    12
2010072903 99999
2010072909 99999
2010072915 99999
2010072921 99999
2010073003 99999
2010073009 99999
2010073015 99999
2010073021 99999
2010073103 99999
2010073109 99999
2010073115 99999
2010073121 99999
2010080103 99999
2010080109 99999
2010080115 99999
2010080121 99999
2010080203 99999
2010080209     3
2010080215     7
2010080221 99999
2010080303 99999
2010080309 99999
2010080315 99999
2010080321 99999
2010080403 99999
2010080409 99999
2010080415     1
2010080421     8
2010080503 99999
2010080509 99999
2010080515 99999
2010080521 99999
2010080603 99999
2010080609 99999
2010080615 99999
2010080621 99999
2010080703 99999
2010080709 99999
2010080715 99999
2010080721 99999
2010080803 99999
2010080809 99999
2010080815 99999
2010080821 99999
2010080903 99999
2010080909 99999
2010080915 99999
2010080921 99999
2010081003 99999
2010081009 99999
2010081015 99999
2010081021 99999
2010081103 99999
2010081109 99999
2010081115 99999
2010081121 99999
2010081203 99999
2010081209 99999
2010081215 99999
2010081221     2
2010081303 99999
2010081309     8
2010081315     9
2010081321     2
2010081403 99999
2010081409 99999
2010081415     9
2010081421 99999
2010081503 99999
2010081509 99999
2010081515 99999
2010081521 99999
2010081603 99999
2010081609 99999
2010081615 99999
2010081621 99999
2010081703 99999
2010081709 99999
2010081715 99999
2010081721 99999
2010081803 99999
2010081809 99999
2010081815 99999
2010081821 99999
2010081903 99999
2010081909 99999
2010081915 99999
2010081921 99999
2010082003 99999
2010082009 99999
2010082015 99999
2010082021 99999
2010082103 99999
2010082109 99999
2010082115 99999
2010082121 99999
2010082203 99999
2010082209 99999
2010082215 99999
2010082221 99999
2010082303 99999
2010082309 99999
2010082315 99999
2010082321 99999
2010082403 99999
2010082409 99999
2010082415 99999
2010082421     3
2010082503 99999
2010082509 99999
2010082515 99999
2010082521 99999
2010082603 99999
2010082609 99999
2010082615 99999
2010082621     4
2010082703 99999
2010082709 99999
2010082715 99999
2010082721 99999
2010082803     3
2010082809     1
2010082815     5
2010082821    13
2010082903 99999
2010082909 99999
2010082915     3
2010082921 99999
2010083003 99999
2010083009     2
2010083015 99999
2010083021 99999
2010083103 99999
2010083109 99999
2010083115 99999
2010083121 99999
2010090103 99999
2010090109 99999
2010090115 99999
2010090121 99999
2010090203 99999
2010090209 99999
2010090215 99999
2010090221 99999
2010090303 99999
2010090309 99999
2010090315 99999
2010090321 99999
2010090403 99999
2010090409 99999
2010090415 99999
2010090421 99999
2010090503 99999
2010090509 99999
2010090515 99999
2010090521 99999
2010090603 99999
2010090609 99999
2010090615 99999
2010090621 99999
2010090703 99999
2010090709 99999
2010090715 99999
2010090721 99999
2010090803 99999
2010090809 99999
2010090815 99999
2010090821 99999
2010090903 99999
2010090909 99999
2010090915 99999
2010090921 99999
2010091003 99999
2010091009 99999
2010091015 99999
2010091021 99999
2010091103 99999
2010091109 99999
2010091115 99999
2010091121 99999
2010091203 99999
2010091209 99999
2010091215 99999
2010091221 99999
2010091303 99999
2010091309 99999
2010091315 99999
2010091321 99999
2010091403 99999
2010091409 99999
2010091415 99999
2010091421 99999
2010091503 99999
2010091509 99999
2010091515 99999
2010091521 99999
2010091603 99999
2010091609 99999
2010091615 99999
2010091621     2
2010091703 99999
2010091709 99999
2010091715 99999
2010091721 99999
2010091803 99999
2010091809 99999
2010091815 99999
2010091821 99999
2010091903 99999
2010091909 99999
2010091915 99999
2010091921 99999
2010092003 99999
2010092009 99999
2010092015 99999
2010092021 99999
2010092103 99999
2010092109 99999
2010092115 99999
2010092121 99999
2010092203 99999
2010092209 99999
2010092215 99999
2010092221 99999
2010092303 99999
2010092309 99999
2010092315    27
2010092321     8
2010092403 99999
2010092409 99999
2010092415 99999
2010092421 99999
2010092503 99999
2010092509 99999
2010092515 99999
2010092521 99999
2010092603 99999
2010092609 99999
2010092615 99999
2010092621 99999
2010092703 99999
2010092709 99999
2010092715 99999
2010092721 99999
2010092803 99999
2010092809 99999
2010092815 99999
2010092821 99999
2010092903 99999
2010092909 99999
2010092915 99999
2010092921 99999
2010093003 99999
2010093009 99999
2010093015 99999
2010093021 99999
2010100103 99999
2010100109 99999
2010100115 99999
2010100121 99999
2010100203 99999
2010100209 99999
2010100215 99999
2010100221 99999
2010100303 99999
2010100309 99999
2010100315 99999
2010100321 99999
2010100403 99999
2010100409 99999
2010100415 99999
2010100421 99999
2010100503 99999
2010100509 99999
2010100515 99999
2010100521 99999
2010100603 99999
2010100609 99999
2010100615 99999
2010100621 99999
2010100703 99999
2010100709 99999
2010100715 99999
2010100721 99999
2010100803 99999
2010100809 99999
2010100815 99999
2010100821 99999
2010100903 99999
2010100909 99999
2010100915 99999
2010100921 99999
2010101003 99999
2010101009 99999
2010101015 99999
2010101021 99999
2010101103 99999
2010101109 99999
2010101115 99999
2010101121 99999
2010101203 99999
2010101209 99999
2010101215 99999
2010101221 99999
2010101303 99999
2010101309 99999
2010101315 99999
2010101321 99999
2010101403 99999
2010101409 99999
2010101415 99999
2010101421 99999
2010101503 99999
2010101509 99999
2010101515 99999
2010101521 99999
2010101603 99999
2010101609 99999
2010101615 99999
2010101621 99999
2010101703 99999
2010101709 99999
2010101715 99999
2010101721 99999
2010101803 99999
2010101809 99999
2010101815 99999
2010101821 99999
2010101903     8
2010101909 99999
2010101915     1
2010101921     3
2010102003     2
2010102009     3
2010102015     1
2010102021     2
2010102103 99999
2010102109 99999
2010102115 99999
2010102121 99999
2010102203 99999
2010102209 99999
2010102215 99999
2010102221 99999
2010102303 99999
2010102309 99999
2010102315    12
2010102321     3
2010102403 99999
2010102409     5
2010102415 99999
2010102421 99999
2010102503 99999
2010102509 99999
2010102515 99999
2010102521 99999
2010102603 99999
2010102609 99999
2010102615 99999
2010102621 99999
2010102703 99999
2010102709 99999
2010102715 99999
2010102721 99999
2010102803 99999
2010102809 99999
2010102815 99999
2010102821 99999
2010102903 99999
2010102909 99999
2010102915 99999
2010102921 99999
2010103003 99999
2010103009 99999
2010103015     2
2010103021 99999
2010103103 99999
2010103109 99999
2010103115 99999
2010103121 99999
2010110103 99999
2010110109 99999
2010110115 99999
2010110121 99999
2010110203 99999
2010110209 99999
2010110215 99999
2010110221 99999
2010110303 99999
2010110309 99999
2010110315 99999
2010110321 99999
2010110403 99999
2010110409 99999
2010110415 99999
2010110421 99999
2010110503 99999
2010110509 99999
2010110515 99999
2010110521 99999
2010110603 99999
2010110609 99999
2010110615 99999
2010110621 99999
2010110703 99999
2010110709 99999
2010110715 99999
2010110721 99999
2010110803 99999
2010110809 99999
2010110815 99999
2010110821 99999
2010110903 99999
2010110909 99999
2010110915 99999
2010110921 99999
2010111003 99999
2010111009 99999
2010111015 99999
2010111021 99999
2010111103 99999
2010111109 99999
2010111115     6
2010111121     4
2010111203 99999
2010111209 99999
2010111215 99999
2010111221 99999
2010111303 99999
2010111309 99999
2010111315 99999
2010111321 99999
2010111403 99999
2010111409 99999
2010111415 99999
2010111421 99999
2010111503 99999
2010111509 99999
2010111515 99999
2010111521 99999
2010111603 99999
2010111609 99999
2010111615 99999
2010111621 99999
2010111703 99999
2010111709 99999
2010111715 99999
2010111721 99999
2010111803 99999
2010111809 99999
2010111815 99999
2010111821 99999
2010111903 99999
2010111909 99999
2010111915 99999
2010111921 99999
2010112003 99999
2010112009 99999
2010112015 99999
2010112021 99999
2010112103 99999
2010112109 99999
2010112115 99999
2010112121 99999
2010112203 99999
2010112209 99999
2010112215 99999
2010112221 99999
2010112303 99999
2010112309 99999
2010112315 99999
2010112321 99999
2010112403 99999
2010112409     1
2010112415 99999
2010112421 99999
2010112503 99999
2010112509     2
2010112515 99999
2010112521 99999
2010112603 99999
2010112609 99999
2010112615 99999
2010112621 99999
2010112703     4
2010112709 99999
2010112715 99999
2010112721 99999
2010112803 99999
2010112809 99999
2010112815 99999
2010112821 99999
2010112903 99999
2010112909 99999
2010112915 99999
2010112921 99999
2010113003 99999
2010113009 99999
2010113015 99999
2010113021 99999
2010120103 99999
2010120109 99999
2010120115 99999
2010120121 99999
2010120203 99999
2010120209 99999
2010120215 99999
2010120221 99999
2010120303 99999
2010120309 99999
2010120315 99999
2010120321 99999
2010120403 99999
2010120409 99999
2010120415 99999
2010120421 99999
2010120503 99999
2010120509 99999
2010120515 99999
2010120521 99999
2010120603 99999
2010120609 99999
2010120615 99999
2010120621 99999
2010120703 99999
2010120709 99999
2010120715 99999
2010120721 99999
2010120803 99999
2010120809 99999
2010120815 99999
2010120821 99999
2010120903 99999
2010120909 99999
2010120915 99999
2010120921 99999
2010121003 99999
2010121009 99999
2010121015 99999
2010121021 99999
2010121103 99999
2010121109 99999
2010121115 99999
2010121121 99999
2010121203 99999
2010121209 99999
2010121215 99999
2010121221 99999
2010121303 99999
2010121309 99999
2010121315 99999
2010121321 99999
2010121403 99999
2010121409 99999
2010121415 99999
2010121421 99999
2010121503 99999
2010121509 99999
2010121515 99999
2010121521 99999
2010121603 99999
2010121609 99999
2010121615 99999
2010121621 99999
2010121703 99999
2010121709     4
2010121715 99999
2010121721 99999
2010121803 99999
2010121809 99999
2010121815 99999
2010121821 99999
2010121903 99999
2010121909 99999
2010121915 99999
2010121921 99999
2010122003 99999
2010122009 99999
2010122015 99999
2010122021 99999
2010122103 99999
2010122109 99999
2010122115 99999
2010122121 99999
2010122203 99999
2010122209 99999
2010122215 99999
2010122221 99999
2010122303 99999
2010122309 99999
2010122315 99999
2010122321 99999
2010122403 99999
2010122409 99999
2010122415 99999
2010122421 99999
2010122503 99999
2010122509 99999
2010122515 99999
2010122521 99999
2010122603 99999
2010122609 99999
2010122615 99999
2010122621 99999
2010122703 99999
2010122709 99999
2010122715 99999
2010122721 99999
2010122803 99999
2010122809 99999
2010122815 99999
2010122821 99999
2010122903 99999
2010122909 99999
2010122915 99999
2010122921 99999
2010123003 99999
2010123009 99999
2010123015 99999
2010123021 99999
2010123103 99999
2010123109 99999
2010123115 99999
2010123121 99999
