2010010100     0
2010010106     0
2010010112     0
2010010118     0
2010010200     0
2010010206     0
2010010212     0
2010010218     0
2010010300     0
2010010306     0
2010010312     0
2010010318     0
2010010400     0
2010010406     0
2010010412     0
2010010418     0
2010010500     0
2010010506     0
2010010512     0
2010010518     0
2010010600     0
2010010606     6
2010010612     0
2010010618     0
2010010700     0
2010010706     0
2010010712     0
2010010718     0
2010010800     0
2010010806     0
2010010812     0
2010010818     0
2010010900     0
2010010906     0
2010010912     0
2010010918     0
2010011000     0
2010011006     0
2010011012     0
2010011018     0
2010011100     0
2010011106     0
2010011112     0
2010011118     0
2010011200     0
2010011206     0
2010011212     0
2010011218     0
2010011300     0
2010011306     0
2010011312     0
2010011318     0
2010011400     0
2010011406     0
2010011412     0
2010011418     0
2010011500     0
2010011506     0
2010011512     0
2010011518     0
2010011600     0
2010011606     0
2010011612     0
2010011618     0
2010011700     0
2010011706     0
2010011712     0
2010011718     0
2010011800     0
2010011806     0
2010011812     0
2010011818     0
2010011900     0
2010011906     0
2010011912     0
2010011918     0
2010012000     0
2010012006     0
2010012012     0
2010012018     0
2010012100     0
2010012106     0
2010012112     0
2010012118     0
2010012200     0
2010012206     0
2010012212     0
2010012218     0
2010012300     0
2010012306     0
2010012312     0
2010012318     0
2010012400     0
2010012406     0
2010012412     0
2010012418     0
2010012500     0
2010012506     0
2010012512     0
2010012518     0
2010012600     0
2010012606     0
2010012612     0
2010012618     0
2010012700     0
2010012706     0
2010012712     0
2010012718     0
2010012800     0
2010012806     0
2010012812     0
2010012818     0
2010012900     0
2010012906     0
2010012912     0
2010012918     0
2010013000     0
2010013006     0
2010013012     0
2010013018     1
2010013100     0
2010013106     0
2010013112     0
2010013118     0
2010020100     0
2010020106     0
2010020112     0
2010020118     0
2010020200     0
2010020206     0
2010020212     0
2010020218     0
2010020300     0
2010020306     0
2010020312     0
2010020318     0
2010020400     0
2010020406     0
2010020412     0
2010020418     0
2010020500     0
2010020506     0
2010020512     0
2010020518     0
2010020600     0
2010020606     0
2010020612     0
2010020618     0
2010020700     0
2010020706     0
2010020712     0
2010020718     0
2010020800     0
2010020806     0
2010020812     0
2010020818     0
2010020900     0
2010020906     0
2010020912     0
2010020918     0
2010021000     0
2010021006     0
2010021012     0
2010021018     0
2010021100     0
2010021106     0
2010021112     0
2010021118     0
2010021200     0
2010021206     0
2010021212     0
2010021218     0
2010021300     0
2010021306     0
2010021312     0
2010021318     0
2010021400     0
2010021406     0
2010021412     0
2010021418     0
2010021500     0
2010021506     0
2010021512     0
2010021518     0
2010021600     0
2010021606     0
2010021612     0
2010021618     0
2010021700     0
2010021706     0
2010021712     0
2010021718     0
2010021800     0
2010021806     0
2010021812     0
2010021818     0
2010021900     0
2010021906     0
2010021912     0
2010021918     0
2010022000     0
2010022006     0
2010022012     0
2010022018     0
2010022100     0
2010022106     0
2010022112     0
2010022118     0
2010022200     0
2010022206     0
2010022212     0
2010022218     0
2010022300     0
2010022306     0
2010022312     0
2010022318     0
2010022400     0
2010022406     0
2010022412     0
2010022418     0
2010022500     0
2010022506     0
2010022512     0
2010022518     0
2010022600     0
2010022606     0
2010022612     0
2010022618     0
2010022700     0
2010022706     0
2010022712     0
2010022718     0
2010022800     0
2010022806     0
2010022812     0
2010022818     0
2010030100     0
2010030106     0
2010030112     0
2010030118     0
2010030200     0
2010030206     0
2010030212     0
2010030218     0
2010030300     0
2010030306     0
2010030312     0
2010030318     0
2010030400     0
2010030406     0
2010030412     0
2010030418     0
2010030500     0
2010030506     0
2010030512     0
2010030518     0
2010030600     0
2010030606     0
2010030612     0
2010030618     0
2010030700     0
2010030706     0
2010030712     0
2010030718     0
2010030800     0
2010030806     0
2010030812     0
2010030818     0
2010030900     0
2010030906     0
2010030912     0
2010030918     0
2010031000     0
2010031006     0
2010031012     0
2010031018     0
2010031100     0
2010031106     0
2010031112     0
2010031118     0
2010031200     0
2010031206     0
2010031212     0
2010031218     0
2010031300     0
2010031306     0
2010031312     0
2010031318     0
2010031400     0
2010031406     0
2010031412     0
2010031418     0
2010031500     0
2010031506     0
2010031512     0
2010031518     0
2010031600     0
2010031606     0
2010031612     0
2010031618     0
2010031700     0
2010031706     0
2010031712     0
2010031718     0
2010031800     0
2010031806     0
2010031812     0
2010031818     0
2010031900     0
2010031906     0
2010031912     0
2010031918     0
2010032000     0
2010032006     0
2010032012     0
2010032018     0
2010032100     0
2010032106     0
2010032112     0
2010032118     0
2010032200     0
2010032206     0
2010032212     0
2010032218     0
2010032300     0
2010032306     0
2010032312     0
2010032318     0
2010032400     0
2010032406     0
2010032412     0
2010032418     0
2010032500     0
2010032506     0
2010032512     0
2010032518     0
2010032600     0
2010032606     0
2010032612     0
2010032618     0
2010032700     0
2010032706     0
2010032712     0
2010032718     0
2010032800     0
2010032806     0
2010032812     0
2010032818     0
2010032900     0
2010032906     0
2010032912     0
2010032918     0
2010033000     0
2010033006     0
2010033012     0
2010033018     0
2010033100     0
2010033106     0
2010033112     0
2010033118     0
2010040100     0
2010040106     0
2010040112     0
2010040118     0
2010040200     0
2010040206     0
2010040212     0
2010040218     0
2010040300     0
2010040306     0
2010040312     0
2010040318     0
2010040400     0
2010040406     0
2010040412     0
2010040418     0
2010040500     0
2010040506     0
2010040512     0
2010040518     0
2010040600     0
2010040606     0
2010040612     0
2010040618     0
2010040700     0
2010040706     0
2010040712     0
2010040718     0
2010040800     0
2010040806     0
2010040812     0
2010040818     0
2010040900     0
2010040906     0
2010040912     0
2010040918     0
2010041000     0
2010041006     0
2010041012     0
2010041018     0
2010041100     0
2010041106     0
2010041112     0
2010041118     0
2010041200     0
2010041206     0
2010041212     0
2010041218     0
2010041300     0
2010041306     0
2010041312     0
2010041318     0
2010041400     0
2010041406     0
2010041412     0
2010041418     0
2010041500     0
2010041506     0
2010041512     0
2010041518     0
2010041600     0
2010041606     0
2010041612     0
2010041618     0
2010041700     0
2010041706     0
2010041712     0
2010041718     0
2010041800     0
2010041806     0
2010041812     0
2010041818     0
2010041900     0
2010041906     0
2010041912     0
2010041918     0
2010042000     0
2010042006     0
2010042012     0
2010042018     0
2010042100     0
2010042106     0
2010042112     0
2010042118     0
2010042200     0
2010042206     0
2010042212     0
2010042218     0
2010042300     0
2010042306     0
2010042312     0
2010042318     0
2010042400     0
2010042406     0
2010042412     0
2010042418     0
2010042500     0
2010042506     0
2010042512     0
2010042518     1
2010042600     0
2010042606     0
2010042612     0
2010042618     0
2010042700     0
2010042706     0
2010042712     0
2010042718     0
2010042800     0
2010042806     0
2010042812     0
2010042818     0
2010042900     0
2010042906     0
2010042912     0
2010042918     0
2010043000     0
2010043006     0
2010043012     0
2010043018     0
2010050100     0
2010050106     0
2010050112     0
2010050118     0
2010050200     0
2010050206     0
2010050212     0
2010050218     0
2010050300     0
2010050306     0
2010050312     0
2010050318     0
2010050400     0
2010050406     0
2010050412     0
2010050418     0
2010050500     0
2010050506     0
2010050512     0
2010050518     0
2010050600     0
2010050606     0
2010050612     0
2010050618     0
2010050700     0
2010050706     0
2010050712     0
2010050718     0
2010050800     0
2010050806     0
2010050812     0
2010050818     0
2010050900     0
2010050906     0
2010050912     0
2010050918     0
2010051000     0
2010051006     0
2010051012     0
2010051018     0
2010051100     0
2010051106     0
2010051112     0
2010051118     0
2010051200     0
2010051206     0
2010051212     0
2010051218     0
2010051300     0
2010051306     0
2010051312     0
2010051318     0
2010051400     0
2010051406     0
2010051412     0
2010051418     0
2010051500     0
2010051506     0
2010051512     0
2010051518     0
2010051600     0
2010051606     0
2010051612     0
2010051618     0
2010051700     0
2010051706     0
2010051712     0
2010051718     0
2010051800     0
2010051806     0
2010051812     0
2010051818     0
2010051900     0
2010051906     0
2010051912     0
2010051918     0
2010052000     0
2010052006     0
2010052012     0
2010052018     0
2010052100     0
2010052106     0
2010052112     0
2010052118     0
2010052200     0
2010052206     0
2010052212     0
2010052218     0
2010052300     0
2010052306     0
2010052312     0
2010052318     0
2010052400     0
2010052406     0
2010052412     0
2010052418     0
2010052500     0
2010052506     0
2010052512     0
2010052518     0
2010052600     0
2010052606     0
2010052612     0
2010052618     0
2010052700     0
2010052706     0
2010052712     0
2010052718     0
2010052800     0
2010052806     1
2010052812     0
2010052818     0
2010052900     0
2010052906     0
2010052912     0
2010052918     0
2010053000     0
2010053006     0
2010053012     0
2010053018     0
2010053100     0
2010053106     0
2010053112     0
2010053118     0
2010060100     0
2010060106     0
2010060112     0
2010060118     0
2010060200     0
2010060206     0
2010060212     0
2010060218     0
2010060300     0
2010060306     0
2010060312     0
2010060318     0
2010060400     0
2010060406     0
2010060412     0
2010060418     0
2010060500     0
2010060506     0
2010060512     0
2010060518     0
2010060600     0
2010060606     0
2010060612     0
2010060618     0
2010060700     0
2010060706     0
2010060712     0
2010060718     0
2010060800     0
2010060806     0
2010060812     0
2010060818     1
2010060900     0
2010060906     0
2010060912     0
2010060918     0
2010061000     0
2010061006     0
2010061012     0
2010061018     0
2010061100     0
2010061106     0
2010061112     0
2010061118     0
2010061200     0
2010061206     0
2010061212     0
2010061218     0
2010061300     0
2010061306     0
2010061312     0
2010061318     0
2010061400     0
2010061406     0
2010061412     0
2010061418     0
2010061500     0
2010061506     0
2010061512     0
2010061518     0
2010061600     0
2010061606     0
2010061612     0
2010061618     0
2010061700     0
2010061706     0
2010061712     0
2010061718     0
2010061800     0
2010061806     0
2010061812     0
2010061818     0
2010061900     0
2010061906     0
2010061912     0
2010061918     0
2010062000     0
2010062006     0
2010062012     0
2010062018     0
2010062100     0
2010062106     0
2010062112     0
2010062118     0
2010062200     0
2010062206     0
2010062212     0
2010062218     0
2010062300     0
2010062306     0
2010062312     0
2010062318     0
2010062400     0
2010062406     0
2010062412     0
2010062418     0
2010062500     0
2010062506     0
2010062512     0
2010062518     0
2010062600     0
2010062606     0
2010062612     0
2010062618     0
2010062700     0
2010062706     0
2010062712     0
2010062718     0
2010062800     0
2010062806     0
2010062812     0
2010062818     0
2010062900     0
2010062906     0
2010062912     0
2010062918     0
2010063000     0
2010063006     0
2010063012     0
2010063018     0
2010070100     0
2010070106     0
2010070112     0
2010070118     0
2010070200     0
2010070206     0
2010070212     0
2010070218     5
2010070300   210
2010070306     0
2010070312     0
2010070318     0
2010070400     0
2010070406     0
2010070412     0
2010070418     0
2010070500     0
2010070506     0
2010070512     0
2010070518     0
2010070600     0
2010070606     0
2010070612     0
2010070618     0
2010070700     0
2010070706     0
2010070712     0
2010070718     0
2010070800     0
2010070806     0
2010070812     0
2010070818     0
2010070900     0
2010070906     0
2010070912     0
2010070918     0
2010071000     0
2010071006     0
2010071012     0
2010071018    14
2010071100    26
2010071106     0
2010071112     0
2010071118     0
2010071200     0
2010071206     1
2010071212     4
2010071218     0
2010071300     0
2010071306     0
2010071312     0
2010071318     0
2010071400     0
2010071406     0
2010071412     0
2010071418     3
2010071500     0
2010071506     0
2010071512     0
2010071518     0
2010071600     0
2010071606     0
2010071612     0
2010071618     0
2010071700     0
2010071706     0
2010071712     3
2010071718     0
2010071800     0
2010071806     0
2010071812     0
2010071818     0
2010071900     0
2010071906     0
2010071912     0
2010071918     0
2010072000     0
2010072006     0
2010072012     0
2010072018     0
2010072100     0
2010072106     0
2010072112     0
2010072118     0
2010072200     1
2010072206     0
2010072212     0
2010072218     0
2010072300     0
2010072306     0
2010072312     0
2010072318     0
2010072400     0
2010072406     0
2010072412     0
2010072418     0
2010072500     0
2010072506     0
2010072512     0
2010072518     0
2010072600     0
2010072606     0
2010072612     0
2010072618     0
2010072700     0
2010072706     0
2010072712     0
2010072718     0
2010072800     0
2010072806     0
2010072812     0
2010072818     0
2010072900     0
2010072906     0
2010072912     0
2010072918     0
2010073000     0
2010073006     0
2010073012     0
2010073018     0
2010073100     0
2010073106     0
2010073112     0
2010073118     0
2010080100     0
2010080106     0
2010080112     0
2010080118     0
2010080200     0
2010080206     0
2010080212     0
2010080218     0
2010080300     0
2010080306     0
2010080312     0
2010080318     0
2010080400     0
2010080406    12
2010080412     0
2010080418     0
2010080500     0
2010080506     0
2010080512     0
2010080518     0
2010080600     0
2010080606     0
2010080612     0
2010080618     0
2010080700     0
2010080706     0
2010080712     0
2010080718     0
2010080800     0
2010080806     0
2010080812     0
2010080818     0
2010080900     0
2010080906     0
2010080912     0
2010080918     0
2010081000     0
2010081006     0
2010081012     0
2010081018     0
2010081100     0
2010081106     0
2010081112     0
2010081118     0
2010081200     0
2010081206     0
2010081212     0
2010081218     0
2010081300     1
2010081306     0
2010081312     0
2010081318     0
2010081400     0
2010081406     0
2010081412     0
2010081418     0
2010081500     0
2010081506     0
2010081512     0
2010081518     0
2010081600     0
2010081606     0
2010081612     0
2010081618     0
2010081700     0
2010081706     0
2010081712     0
2010081718     0
2010081800     0
2010081806     0
2010081812     0
2010081818     0
2010081900     0
2010081906     0
2010081912     0
2010081918     0
2010082000     0
2010082006     0
2010082012     0
2010082018     0
2010082100     0
2010082106     0
2010082112     0
2010082118     0
2010082200     0
2010082206    14
2010082212     0
2010082218     0
2010082300     0
2010082306     0
2010082312     0
2010082318     4
2010082400     0
2010082406     0
2010082412    93
2010082418    22
2010082500     0
2010082506     0
2010082512     0
2010082518     0
2010082600     0
2010082606     0
2010082612     0
2010082618     0
2010082700     0
2010082706     0
2010082712     0
2010082718     0
2010082800     0
2010082806    89
2010082812     1
2010082818    17
2010082900     5
2010082906     0
2010082912    13
2010082918     0
2010083000     0
2010083006     0
2010083012     0
2010083018     0
2010083100     0
2010083106     0
2010083112     0
2010083118     0
2010090100     0
2010090106     0
2010090112     0
2010090118     0
2010090200     0
2010090206     0
2010090212     0
2010090218     0
2010090300     0
2010090306     0
2010090312     0
2010090318     0
2010090400     0
2010090406     0
2010090412     0
2010090418     0
2010090500     0
2010090506     0
2010090512     0
2010090518     0
2010090600     0
2010090606     0
2010090612     0
2010090618     0
2010090700     0
2010090706     0
2010090712     0
2010090718     0
2010090800     0
2010090806     0
2010090812     0
2010090818     1
2010090900     0
2010090906     0
2010090912     0
2010090918     0
2010091000     0
2010091006     0
2010091012     0
2010091018     0
2010091100     0
2010091106     0
2010091112     0
2010091118     0
2010091200     0
2010091206     0
2010091212     0
2010091218     0
2010091300     0
2010091306     0
2010091312     0
2010091318     0
2010091400     0
2010091406     0
2010091412     0
2010091418     0
2010091500     0
2010091506     0
2010091512     0
2010091518     0
2010091600    29
2010091606     0
2010091612     0
2010091618     0
2010091700     0
2010091706     0
2010091712     0
2010091718     0
2010091800     0
2010091806     0
2010091812     0
2010091818     0
2010091900     0
2010091906     0
2010091912     0
2010091918     0
2010092000     0
2010092006     0
2010092012     0
2010092018     0
2010092100     0
2010092106     0
2010092112     0
2010092118     0
2010092200     0
2010092206     0
2010092212     0
2010092218     0
2010092300     0
2010092306     0
2010092312     9
2010092318     5
2010092400    15
2010092406     1
2010092412     1
2010092418     0
2010092500     0
2010092506     0
2010092512     0
2010092518     0
2010092600     1
2010092606     0
2010092612     0
2010092618     0
2010092700     0
2010092706     0
2010092712     0
2010092718     0
2010092800     0
2010092806     0
2010092812     0
2010092818     0
2010092900     0
2010092906     0
2010092912     0
2010092918     0
2010093000     0
2010093006     0
2010093012     0
2010093018     0
2010100100     0
2010100106     0
2010100112     0
2010100118     0
2010100200     0
2010100206     0
2010100212     0
2010100218     0
2010100300     0
2010100306     0
2010100312     0
2010100318     0
2010100400     0
2010100406     0
2010100412     0
2010100418     0
2010100500     0
2010100506     0
2010100512     1
2010100518     0
2010100600     0
2010100606     0
2010100612     0
2010100618     0
2010100700     0
2010100706     0
2010100712     0
2010100718     0
2010100800     0
2010100806     0
2010100812     0
2010100818     0
2010100900     0
2010100906     0
2010100912     0
2010100918     0
2010101000     0
2010101006     0
2010101012     0
2010101018     0
2010101100     0
2010101106     0
2010101112     0
2010101118     0
2010101200     0
2010101206     0
2010101212     0
2010101218     0
2010101300     0
2010101306     0
2010101312     0
2010101318     0
2010101400     0
2010101406     0
2010101412     0
2010101418     0
2010101500     0
2010101506     0
2010101512     0
2010101518     0
2010101600     0
2010101606     0
2010101612     0
2010101618     0
2010101700     0
2010101706     0
2010101712     0
2010101718     0
2010101800     0
2010101806     0
2010101812     0
2010101818     0
2010101900     1
2010101906     0
2010101912     0
2010101918     0
2010102000     0
2010102006     0
2010102012     0
2010102018     0
2010102100     1
2010102106     0
2010102112     0
2010102118     0
2010102200     0
2010102206     0
2010102212     0
2010102218     0
2010102300     0
2010102306     0
2010102312     0
2010102318     0
2010102400     0
2010102406     0
2010102412     0
2010102418     0
2010102500     0
2010102506     0
2010102512     0
2010102518     0
2010102600     0
2010102606     0
2010102612     0
2010102618     0
2010102700     0
2010102706     0
2010102712     0
2010102718     0
2010102800     0
2010102806     0
2010102812     0
2010102818     0
2010102900     0
2010102906     0
2010102912     0
2010102918     0
2010103000     0
2010103006     0
2010103012     0
2010103018     0
2010103100     0
2010103106     0
2010103112     0
2010103118     0
2010110100     0
2010110106     0
2010110112     0
2010110118     0
2010110200     0
2010110206     0
2010110212     0
2010110218     0
2010110300     0
2010110306     0
2010110312     0
2010110318     0
2010110400     0
2010110406     0
2010110412     0
2010110418     0
2010110500     0
2010110506     0
2010110512     0
2010110518     0
2010110600     0
2010110606     0
2010110612     0
2010110618     0
2010110700     0
2010110706     1
2010110712     0
2010110718     0
2010110800     0
2010110806     1
2010110812     0
2010110818     0
2010110900     0
2010110906     0
2010110912     0
2010110918     0
2010111000     0
2010111006     0
2010111012     0
2010111018     0
2010111100     0
2010111106     0
2010111112     0
2010111118     0
2010111200     0
2010111206     0
2010111212     0
2010111218     0
2010111300     0
2010111306     0
2010111312     0
2010111318     0
2010111400     0
2010111406     0
2010111412     0
2010111418     0
2010111500     0
2010111506     0
2010111512     0
2010111518     0
2010111600     0
2010111606     0
2010111612     0
2010111618     0
2010111700     0
2010111706     0
2010111712     0
2010111718     0
2010111800     0
2010111806     0
2010111812     0
2010111818     0
2010111900     0
2010111906     0
2010111912     0
2010111918     0
2010112000     0
2010112006     0
2010112012     0
2010112018     0
2010112100     0
2010112106     0
2010112112     0
2010112118     0
2010112200     0
2010112206     0
2010112212     0
2010112218     0
2010112300     0
2010112306     0
2010112312     0
2010112318     2
2010112400     0
2010112406     0
2010112412     0
2010112418     0
2010112500     0
2010112506     1
2010112512     0
2010112518     1
2010112600     0
2010112606     0
2010112612     0
2010112618     0
2010112700     0
2010112706     0
2010112712     3
2010112718     6
2010112800     0
2010112806     0
2010112812     0
2010112818     0
2010112900     0
2010112906     0
2010112912     0
2010112918     1
2010113000     0
2010113006     0
2010113012     0
2010113018     0
2010120100     0
2010120106     0
2010120112     0
2010120118     0
2010120200     0
2010120206     0
2010120212     0
2010120218     0
2010120300     0
2010120306     0
2010120312     0
2010120318     0
2010120400     0
2010120406     0
2010120412     0
2010120418     0
2010120500     0
2010120506     0
2010120512     0
2010120518     0
2010120600     0
2010120606     0
2010120612     0
2010120618     0
2010120700     0
2010120706     0
2010120712     0
2010120718     0
2010120800     0
2010120806     0
2010120812     0
2010120818     0
2010120900     0
2010120906     0
2010120912     0
2010120918     0
2010121000     0
2010121006     0
2010121012     0
2010121018     0
2010121100     0
2010121106     0
2010121112     0
2010121118     0
2010121200     0
2010121206     0
2010121212     0
2010121218     0
2010121300     0
2010121306     0
2010121312     0
2010121318     0
2010121400     0
2010121406     0
2010121412     0
2010121418     0
2010121500     0
2010121506     0
2010121512     0
2010121518     0
2010121600     0
2010121606     0
2010121612     0
2010121618     0
2010121700     0
2010121706     0
2010121712     0
2010121718     0
2010121800     1
2010121806     0
2010121812     0
2010121818     0
2010121900     0
2010121906     0
2010121912     0
2010121918     0
2010122000     0
2010122006     0
2010122012     0
2010122018     0
2010122100     0
2010122106     0
2010122112     0
2010122118     0
2010122200     0
2010122206     0
2010122212     0
2010122218     0
2010122300     0
2010122306     0
2010122312     0
2010122318     0
2010122400     0
2010122406     0
2010122412     0
2010122418     0
2010122500     0
2010122506     0
2010122512     0
2010122518     0
2010122600     0
2010122606     0
2010122612     0
2010122618     0
2010122700     0
2010122706     0
2010122712     0
2010122718     0
2010122800     0
2010122806     0
2010122812     0
2010122818     0
2010122900     0
2010122906     0
2010122912     0
2010122918     0
2010123000     0
2010123006     0
2010123012     0
2010123018     0
2010123100     0
2010123106     0
2010123112     0
2010123118     0
