2013010100     0
2013010106     0
2013010112     0
2013010118     0
2013010200     0
2013010206     0
2013010212     0
2013010218     0
2013010300     0
2013010306     0
2013010312     0
2013010318     0
2013010400     0
2013010406     0
2013010412     0
2013010418     0
2013010500     0
2013010506     0
2013010512     0
2013010518     0
2013010600     0
2013010606     0
2013010612     0
2013010618     0
2013010700     0
2013010706     0
2013010712     0
2013010718     0
2013010800     0
2013010806     0
2013010812     0
2013010818     0
2013010900     0
2013010906     0
2013010912     0
2013010918     0
2013011000     0
2013011006     0
2013011012     0
2013011018     0
2013011100     0
2013011106     0
2013011112     0
2013011118     0
2013011200     0
2013011206     0
2013011212     0
2013011218     0
2013011300     0
2013011306     0
2013011312     0
2013011318     0
2013011400     0
2013011406     0
2013011412     0
2013011418     0
2013011500     0
2013011506     0
2013011512     0
2013011518     0
2013011600     0
2013011606     0
2013011612     0
2013011618     0
2013011700     0
2013011706     0
2013011712     0
2013011718     0
2013011800     0
2013011806     0
2013011812     0
2013011818     0
2013011900     0
2013011906     0
2013011912     0
2013011918     0
2013012000     0
2013012006     0
2013012012     0
2013012018     0
2013012100     0
2013012106     0
2013012112     0
2013012118     0
2013012200     0
2013012206     0
2013012212     0
2013012218     0
2013012300     0
2013012306     0
2013012312     0
2013012318     0
2013012400     0
2013012406     0
2013012412     0
2013012418     0
2013012500     0
2013012506     0
2013012512     0
2013012518     0
2013012600     0
2013012606     0
2013012612     0
2013012618     0
2013012700     0
2013012706     0
2013012712     0
2013012718     0
2013012800     0
2013012806     0
2013012812     0
2013012818     0
2013012900     0
2013012906     0
2013012912     0
2013012918     1
2013013000     0
2013013006     0
2013013012     0
2013013018     0
2013013100     0
2013013106     0
2013013112     0
2013013118     0
2013020100     0
2013020106     0
2013020112     0
2013020118     0
2013020200     4
2013020206     0
2013020212     0
2013020218     0
2013020300     0
2013020306     0
2013020312     0
2013020318     0
2013020400     0
2013020406     0
2013020412     0
2013020418     0
2013020500     0
2013020506    79
2013020512     0
2013020518     0
2013020600     0
2013020606     0
2013020612     0
2013020618     0
2013020700     0
2013020706     1
2013020712     2
2013020718     6
2013020800     0
2013020806     0
2013020812     0
2013020818     0
2013020900     0
2013020906     0
2013020912     0
2013020918     0
2013021000     0
2013021006     0
2013021012     0
2013021018     0
2013021100     0
2013021106     0
2013021112     0
2013021118     0
2013021200     0
2013021206     0
2013021212     0
2013021218     0
2013021300     0
2013021306     0
2013021312     0
2013021318     0
2013021400     0
2013021406     0
2013021412     0
2013021418     0
2013021500     0
2013021506     0
2013021512     0
2013021518     0
2013021600     0
2013021606     0
2013021612     0
2013021618     0
2013021700     0
2013021706     0
2013021712     0
2013021718     0
2013021800     0
2013021806     0
2013021812     0
2013021818     0
2013021900     0
2013021906     0
2013021912     0
2013021918     0
2013022000     0
2013022006     0
2013022012     0
2013022018     0
2013022100     0
2013022106     0
2013022112     0
2013022118     0
2013022200     0
2013022206     0
2013022212     0
2013022218     0
2013022300     0
2013022306     0
2013022312     0
2013022318     0
2013022400     0
2013022406     0
2013022412     0
2013022418     0
2013022500     0
2013022506     0
2013022512     0
2013022518     0
2013022600     0
2013022606     0
2013022612     0
2013022618     0
2013022700     0
2013022706     0
2013022712     0
2013022718     0
2013022800     0
2013022806     0
2013022812     0
2013022818     0
2013030100     0
2013030106     0
2013030112     0
2013030118     0
2013030200     0
2013030206     0
2013030212     0
2013030218     0
2013030300     0
2013030306     0
2013030312     0
2013030318     0
2013030400     0
2013030406     0
2013030412     0
2013030418     0
2013030500     0
2013030506     0
2013030512     0
2013030518     0
2013030600     0
2013030606     0
2013030612     0
2013030618     0
2013030700     0
2013030706     0
2013030712     0
2013030718     0
2013030800     0
2013030806     0
2013030812     0
2013030818     0
2013030900     0
2013030906     0
2013030912     0
2013030918     0
2013031000     0
2013031006     0
2013031012     0
2013031018     0
2013031100     0
2013031106     0
2013031112     0
2013031118     0
2013031200     0
2013031206     0
2013031212     0
2013031218     0
2013031300     0
2013031306     0
2013031312     0
2013031318     0
2013031400     0
2013031406     0
2013031412     0
2013031418     0
2013031500     0
2013031506     0
2013031512     0
2013031518     0
2013031600     0
2013031606     0
2013031612     0
2013031618     0
2013031700     0
2013031706     0
2013031712     0
2013031718     0
2013031800     0
2013031806     0
2013031812     0
2013031818     0
2013031900     0
2013031906     0
2013031912     0
2013031918     0
2013032000     0
2013032006     0
2013032012     0
2013032018     0
2013032100     0
2013032106     0
2013032112     0
2013032118     0
2013032200     0
2013032206     0
2013032212     0
2013032218     0
2013032300     0
2013032306     0
2013032312     0
2013032318     0
2013032400     0
2013032406     0
2013032412     0
2013032418     0
2013032500     0
2013032506     0
2013032512     0
2013032518     0
2013032600     0
2013032606     0
2013032612     0
2013032618     0
2013032700     0
2013032706     0
2013032712     0
2013032718     0
2013032800     0
2013032806     0
2013032812     0
2013032818     0
2013032900     0
2013032906     0
2013032912     0
2013032918     0
2013033000     0
2013033006     0
2013033012     0
2013033018     0
2013033100     0
2013033106     0
2013033112     0
2013033118     0
2013040100     0
2013040106     0
2013040112     0
2013040118     0
2013040200     0
2013040206     0
2013040212     0
2013040218     0
2013040300     0
2013040306     0
2013040312     0
2013040318     0
2013040400     0
2013040406     0
2013040412     0
2013040418     0
2013040500     0
2013040506     0
2013040512     0
2013040518     0
2013040600     0
2013040606     0
2013040612     0
2013040618     0
2013040700     0
2013040706     0
2013040712     0
2013040718     0
2013040800     0
2013040806     0
2013040812     0
2013040818     0
2013040900     0
2013040906     0
2013040912     0
2013040918     5
2013041000     0
2013041006     0
2013041012     0
2013041018     0
2013041100     0
2013041106     0
2013041112     0
2013041118     0
2013041200     0
2013041206     0
2013041212    40
2013041218     1
2013041300     0
2013041306     0
2013041312     0
2013041318     0
2013041400     0
2013041406     0
2013041412     0
2013041418     0
2013041500     0
2013041506     0
2013041512     0
2013041518     0
2013041600     0
2013041606     0
2013041612     0
2013041618     0
2013041700     0
2013041706     0
2013041712     0
2013041718     0
2013041800     0
2013041806     0
2013041812     0
2013041818     0
2013041900     0
2013041906     0
2013041912     0
2013041918     0
2013042000     0
2013042006     0
2013042012     0
2013042018     0
2013042100     0
2013042106     0
2013042112     0
2013042118     0
2013042200     0
2013042206     0
2013042212     0
2013042218     0
2013042300     0
2013042306     0
2013042312     0
2013042318     0
2013042400     0
2013042406     0
2013042412     0
2013042418     0
2013042500     0
2013042506     0
2013042512     0
2013042518     0
2013042600     0
2013042606     0
2013042612     0
2013042618     0
2013042700     0
2013042706     0
2013042712     0
2013042718     0
2013042800     0
2013042806     0
2013042812     0
2013042818     0
2013042900     0
2013042906     0
2013042912     0
2013042918     0
2013043000     0
2013043006     0
2013043012     0
2013043018     0
2013050100     0
2013050106     0
2013050112     0
2013050118     0
2013050200     0
2013050206     0
2013050212     0
2013050218     0
2013050300     0
2013050306     0
2013050312     0
2013050318     0
2013050400     0
2013050406     0
2013050412     0
2013050418     0
2013050500     0
2013050506     0
2013050512     0
2013050518     0
2013050600     0
2013050606     0
2013050612     0
2013050618     0
2013050700     0
2013050706     0
2013050712    38
2013050718   101
2013050800     0
2013050806     0
2013050812    20
2013050818   304
2013050900     0
2013050906     0
2013050912     0
2013050918     0
2013051000     0
2013051006     0
2013051012     0
2013051018     0
2013051100     0
2013051106     0
2013051112     0
2013051118     0
2013051200     1
2013051206     0
2013051212     0
2013051218     0
2013051300     0
2013051306     0
2013051312     0
2013051318     0
2013051400     1
2013051406     0
2013051412     0
2013051418     0
2013051500     0
2013051506     0
2013051512     0
2013051518     0
2013051600     0
2013051606     0
2013051612     0
2013051618     0
2013051700     0
2013051706     0
2013051712     0
2013051718     0
2013051800     0
2013051806     0
2013051812     0
2013051818     0
2013051900     0
2013051906     0
2013051912     0
2013051918     0
2013052000     0
2013052006     0
2013052012     0
2013052018     0
2013052100     0
2013052106     0
2013052112     0
2013052118     0
2013052200     0
2013052206     0
2013052212     0
2013052218     0
2013052300    73
2013052306     3
2013052312     0
2013052318     0
2013052400     1
2013052406     0
2013052412     1
2013052418     0
2013052500     0
2013052506     0
2013052512     0
2013052518     0
2013052600     0
2013052606     0
2013052612     0
2013052618     0
2013052700     0
2013052706     0
2013052712     0
2013052718     0
2013052800     0
2013052806     0
2013052812    65
2013052818    55
2013052900     0
2013052906     0
2013052912     0
2013052918     0
2013053000     0
2013053006     0
2013053012     0
2013053018     0
2013053100     0
2013053106     0
2013053112     0
2013053118     0
2013060100     0
2013060106     0
2013060112     0
2013060118     0
2013060200     0
2013060206     0
2013060212     0
2013060218     0
2013060300     0
2013060306     0
2013060312     0
2013060318     0
2013060400     0
2013060406     0
2013060412     0
2013060418     0
2013060500     0
2013060506     0
2013060512     0
2013060518     0
2013060600     0
2013060606     0
2013060612     0
2013060618     0
2013060700     0
2013060706     0
2013060712     0
2013060718     0
2013060800     0
2013060806     0
2013060812     0
2013060818     0
2013060900     0
2013060906     0
2013060912     0
2013060918     0
2013061000     0
2013061006     0
2013061012     0
2013061018     0
2013061100     0
2013061106     0
2013061112     0
2013061118     0
2013061200     0
2013061206     0
2013061212     0
2013061218     0
2013061300     0
2013061306     0
2013061312     0
2013061318     0
2013061400     0
2013061406     0
2013061412     0
2013061418     0
2013061500     0
2013061506     0
2013061512     0
2013061518     0
2013061600     0
2013061606     0
2013061612     0
2013061618     0
2013061700     0
2013061706     0
2013061712     1
2013061718     1
2013061800     0
2013061806     0
2013061812     0
2013061818     0
2013061900     0
2013061906    25
2013061912    11
2013061918     1
2013062000     0
2013062006     0
2013062012     0
2013062018    56
2013062100    12
2013062106     0
2013062112     0
2013062118     0
2013062200     0
2013062206     0
2013062212     0
2013062218     0
2013062300     0
2013062306     0
2013062312     0
2013062318     0
2013062400     0
2013062406     0
2013062412     0
2013062418     0
2013062500     0
2013062506     0
2013062512     0
2013062518     0
2013062600     0
2013062606     0
2013062612     0
2013062618     0
2013062700     9
2013062706     0
2013062712     0
2013062718     0
2013062800     0
2013062806     0
2013062812     0
2013062818     0
2013062900     0
2013062906     0
2013062912     0
2013062918     0
2013063000     0
2013063006     0
2013063012     0
2013063018     0
2013070100     0
2013070106     0
2013070112     0
2013070118     0
2013070200     0
2013070206     0
2013070212     0
2013070218     0
2013070300     0
2013070306     0
2013070312     0
2013070318     0
2013070400     0
2013070406     0
2013070412     0
2013070418     0
2013070500     0
2013070506     0
2013070512     0
2013070518     0
2013070600     0
2013070606     0
2013070612     0
2013070618     0
2013070700     0
2013070706     0
2013070712     0
2013070718     0
2013070800     0
2013070806     0
2013070812     0
2013070818     0
2013070900     0
2013070906     0
2013070912     0
2013070918     0
2013071000     0
2013071006     0
2013071012     0
2013071018     0
2013071100     0
2013071106     0
2013071112     0
2013071118     0
2013071200     0
2013071206     0
2013071212     0
2013071218     0
2013071300     0
2013071306     0
2013071312     0
2013071318     0
2013071400     0
2013071406     0
2013071412     0
2013071418     0
2013071500     0
2013071506     0
2013071512     0
2013071518     0
2013071600     0
2013071606     0
2013071612     0
2013071618     0
2013071700     0
2013071706     0
2013071712     0
2013071718     0
2013071800     0
2013071806     0
2013071812     0
2013071818     0
2013071900     0
2013071906     0
2013071912     0
2013071918     0
2013072000     0
2013072006     0
2013072012     0
2013072018     0
2013072100     0
2013072106     0
2013072112     0
2013072118     0
2013072200     0
2013072206     0
2013072212     0
2013072218     0
2013072300     0
2013072306     1
2013072312     0
2013072318     0
2013072400   468
2013072406     2
2013072412    22
2013072418     0
2013072500     0
2013072506     6
2013072512     0
2013072518     0
2013072600     0
2013072606   415
2013072612     6
2013072618   518
2013072700     0
2013072706  1738
2013072712    12
2013072718   516
2013072800   733
2013072806     0
2013072812     0
2013072818     0
2013072900     0
2013072906     0
2013072912     0
2013072918    88
2013073000     0
2013073006     0
2013073012     0
2013073018     0
2013073100     0
2013073106     0
2013073112     0
2013073118     0
2013080100     0
2013080106     0
2013080112     0
2013080118     0
2013080200     0
2013080206     0
2013080212     0
2013080218     0
2013080300     0
2013080306     0
2013080312     0
2013080318     0
2013080400     0
2013080406     0
2013080412     0
2013080418     0
2013080500     0
2013080506     0
2013080512     0
2013080518    63
2013080600     0
2013080606     0
2013080612     0
2013080618     0
2013080700     0
2013080706     0
2013080712     0
2013080718     0
2013080800     0
2013080806     0
2013080812     0
2013080818     0
2013080900     0
2013080906     0
2013080912     1
2013080918     0
2013081000     0
2013081006     0
2013081012     0
2013081018     0
2013081100     0
2013081106     0
2013081112     0
2013081118     0
2013081200     0
2013081206     0
2013081212     0
2013081218     0
2013081300     0
2013081306     0
2013081312     0
2013081318     0
2013081400     0
2013081406     0
2013081412     0
2013081418     0
2013081500     0
2013081506     0
2013081512     0
2013081518     0
2013081600     0
2013081606     0
2013081612     0
2013081618     0
2013081700     0
2013081706     0
2013081712     0
2013081718     0
2013081800     0
2013081806     0
2013081812     0
2013081818     0
2013081900     0
2013081906     1
2013081912    49
2013081918     0
2013082000     0
2013082006     0
2013082012     0
2013082018     0
2013082100     0
2013082106     0
2013082112     0
2013082118     0
2013082200     0
2013082206     0
2013082212     0
2013082218     0
2013082300     0
2013082306     0
2013082312     0
2013082318     0
2013082400     0
2013082406     0
2013082412     5
2013082418     0
2013082500     0
2013082506     0
2013082512     0
2013082518     0
2013082600     0
2013082606     0
2013082612     0
2013082618     0
2013082700     0
2013082706     0
2013082712     0
2013082718     0
2013082800     0
2013082806     0
2013082812     0
2013082818     0
2013082900     0
2013082906     0
2013082912     0
2013082918     0
2013083000     0
2013083006     0
2013083012     0
2013083018     0
2013083100     0
2013083106     0
2013083112     0
2013083118     0
2013090100     0
2013090106     0
2013090112     0
2013090118     0
2013090200     0
2013090206     0
2013090212     0
2013090218     0
2013090300     0
2013090306     0
2013090312     0
2013090318     0
2013090400     0
2013090406     0
2013090412     0
2013090418     0
2013090500     0
2013090506     0
2013090512     0
2013090518     0
2013090600     0
2013090606     0
2013090612   390
2013090618     0
2013090700     0
2013090706     0
2013090712     0
2013090718     0
2013090800     0
2013090806     1
2013090812     0
2013090818    67
2013090900     4
2013090906     2
2013090912     0
2013090918     0
2013091000    61
2013091006    37
2013091012     2
2013091018     0
2013091100     0
2013091106     0
2013091112     0
2013091118     0
2013091200     0
2013091206     0
2013091212     0
2013091218     0
2013091300     0
2013091306     0
2013091312     0
2013091318     0
2013091400     0
2013091406     0
2013091412     0
2013091418     0
2013091500     0
2013091506     0
2013091512     0
2013091518     0
2013091600     0
2013091606     0
2013091612     1
2013091618    12
2013091700     1
2013091706     0
2013091712     0
2013091718     0
2013091800     0
2013091806     0
2013091812     0
2013091818     0
2013091900     0
2013091906     0
2013091912     0
2013091918     0
2013092000     0
2013092006     0
2013092012     0
2013092018     0
2013092100     0
2013092106     0
2013092112     0
2013092118     0
2013092200     0
2013092206     0
2013092212     0
2013092218     0
2013092300     0
2013092306     0
2013092312     0
2013092318     0
2013092400     0
2013092406     0
2013092412     0
2013092418     0
2013092500     0
2013092506     0
2013092512     0
2013092518     0
2013092600     0
2013092606     0
2013092612     0
2013092618     0
2013092700     0
2013092706     0
2013092712     0
2013092718     0
2013092800     0
2013092806     0
2013092812     0
2013092818     0
2013092900     0
2013092906     0
2013092912     0
2013092918     0
2013093000     0
2013093006     0
2013093012     0
2013093018     0
2013100100     0
2013100106     0
2013100112     0
2013100118     0
2013100200     0
2013100206     0
2013100212     0
2013100218     0
2013100300     0
2013100306     0
2013100312     0
2013100318     0
2013100400    13
2013100406    29
2013100412     0
2013100418     0
2013100500     0
2013100506     0
2013100512     0
2013100518     0
2013100600     0
2013100606     0
2013100612     0
2013100618     0
2013100700     0
2013100706     0
2013100712     0
2013100718     0
2013100800     0
2013100806     0
2013100812     0
2013100818     0
2013100900     0
2013100906     0
2013100912     0
2013100918     0
2013101000     0
2013101006    57
2013101012     4
2013101018     0
2013101100     0
2013101106     0
2013101112     0
2013101118     0
2013101200     0
2013101206     0
2013101212     0
2013101218     0
2013101300     0
2013101306     2
2013101312     0
2013101318     0
2013101400     0
2013101406     0
2013101412     0
2013101418     0
2013101500     0
2013101506     0
2013101512     0
2013101518     0
2013101600     0
2013101606     0
2013101612     0
2013101618     0
2013101700     0
2013101706     0
2013101712     0
2013101718     0
2013101800     0
2013101806     0
2013101812     0
2013101818     0
2013101900     0
2013101906     0
2013101912     0
2013101918     0
2013102000     0
2013102006     0
2013102012     0
2013102018    27
2013102100     0
2013102106     0
2013102112     0
2013102118     0
2013102200     0
2013102206     0
2013102212     0
2013102218    23
2013102300     0
2013102306     0
2013102312     0
2013102318     0
2013102400     0
2013102406     0
2013102412     0
2013102418     0
2013102500     0
2013102506     0
2013102512     0
2013102518     0
2013102600     0
2013102606     0
2013102612     0
2013102618     0
2013102700     0
2013102706     0
2013102712     0
2013102718     0
2013102800     0
2013102806     0
2013102812     0
2013102818     3
2013102900     0
2013102906     0
2013102912     0
2013102918     1
2013103000     0
2013103006     0
2013103012     0
2013103018     0
2013103100     0
2013103106     0
2013103112     0
2013103118     0
2013110100     0
2013110106     0
2013110112     0
2013110118     0
2013110200     0
2013110206     0
2013110212     0
2013110218     0
2013110300     1
2013110306     1
2013110312     2
2013110318     7
2013110400     0
2013110406     0
2013110412     0
2013110418     0
2013110500     0
2013110506     0
2013110512     0
2013110518     0
2013110600     0
2013110606     0
2013110612     0
2013110618     0
2013110700     0
2013110706     0
2013110712     0
2013110718     0
2013110800     0
2013110806     0
2013110812     0
2013110818     0
2013110900     4
2013110906     0
2013110912     0
2013110918     0
2013111000     0
2013111006     6
2013111012    24
2013111018     0
2013111100     0
2013111106     0
2013111112     0
2013111118     0
2013111200     0
2013111206     0
2013111212     0
2013111218     0
2013111300     0
2013111306     0
2013111312     0
2013111318     0
2013111400     0
2013111406     0
2013111412     0
2013111418     0
2013111500     0
2013111506     0
2013111512     0
2013111518     0
2013111600     0
2013111606     0
2013111612     0
2013111618     0
2013111700     0
2013111706     0
2013111712     0
2013111718     0
2013111800     0
2013111806     0
2013111812     0
2013111818     0
2013111900     0
2013111906     0
2013111912     0
2013111918     0
2013112000     0
2013112006     0
2013112012     0
2013112018     0
2013112100     0
2013112106     0
2013112112     0
2013112118     0
2013112200     0
2013112206     0
2013112212     0
2013112218     0
2013112300     0
2013112306     0
2013112312     0
2013112318     0
2013112400     0
2013112406     0
2013112412     0
2013112418     0
2013112500     0
2013112506     0
2013112512     0
2013112518     0
2013112600     0
2013112606     0
2013112612     0
2013112618     0
2013112700     0
2013112706     0
2013112712     0
2013112718     0
2013112800     0
2013112806     0
2013112812     0
2013112818     0
2013112900     0
2013112906     0
2013112912     0
2013112918     0
2013113000     2
2013113006     0
2013113012     0
2013113018     0
2013120100     0
2013120106     0
2013120112     0
2013120118     0
2013120200     0
2013120206     0
2013120212     0
2013120218     0
2013120300     0
2013120306     0
2013120312     0
2013120318     0
2013120400     0
2013120406     0
2013120412     0
2013120418     0
2013120500     0
2013120506     0
2013120512     0
2013120518     0
2013120600     0
2013120606     0
2013120612     0
2013120618     0
2013120700     0
2013120706     0
2013120712     0
2013120718     0
2013120800     0
2013120806     0
2013120812     0
2013120818     0
2013120900     0
2013120906     0
2013120912     0
2013120918     0
2013121000     0
2013121006     0
2013121012     0
2013121018     0
2013121100     0
2013121106     0
2013121112     0
2013121118     0
2013121200     0
2013121206     0
2013121212     0
2013121218     0
2013121300     0
2013121306     0
2013121312     0
2013121318     0
2013121400     0
2013121406     0
2013121412     0
2013121418     0
2013121500     0
2013121506     0
2013121512     0
2013121518     0
2013121600     0
2013121606     0
2013121612     0
2013121618     0
2013121700     0
2013121706     0
2013121712     0
2013121718     0
2013121800     0
2013121806     0
2013121812     0
2013121818     0
2013121900     0
2013121906     0
2013121912     0
2013121918     0
2013122000     0
2013122006     0
2013122012     0
2013122018     0
2013122100     0
2013122106     0
2013122112     0
2013122118     0
2013122200     0
2013122206     0
2013122212     0
2013122218     0
2013122300     0
2013122306     0
2013122312     0
2013122318     0
2013122400     0
2013122406     0
2013122412     0
2013122418     0
2013122500     0
2013122506     0
2013122512     0
2013122518     0
2013122600     0
2013122606     0
2013122612     0
2013122618     0
2013122700     0
2013122706     0
2013122712     0
2013122718     0
2013122800     0
2013122806     0
2013122812     0
2013122818     0
2013122900     0
2013122906     0
2013122912     0
2013122918     0
2013123000     0
2013123006     0
2013123012     0
2013123018     0
2013123100     0
2013123106     0
2013123112     0
2013123118     0
