2011010100 99999
2011010106 99999
2011010112 99999
2011010118 99999
2011010200 99999
2011010206 99999
2011010212 99999
2011010218 99999
2011010300 99999
2011010306 99999
2011010312 99999
2011010318 99999
2011010400 99999
2011010406 99999
2011010412 99999
2011010418 99999
2011010500 99999
2011010506 99999
2011010512 99999
2011010518 99999
2011010600 99999
2011010606 99999
2011010612 99999
2011010618 99999
2011010700 99999
2011010706 99999
2011010712 99999
2011010718 99999
2011010800 99999
2011010806 99999
2011010812 99999
2011010818 99999
2011010900 99999
2011010906 99999
2011010912 99999
2011010918 99999
2011011000 99999
2011011006 99999
2011011012 99999
2011011018 99999
2011011100 99999
2011011106 99999
2011011112 99999
2011011118 99999
2011011200 99999
2011011206 99999
2011011212 99999
2011011218 99999
2011011300 99999
2011011306 99999
2011011312 99999
2011011318 99999
2011011400 99999
2011011406 99999
2011011412 99999
2011011418 99999
2011011500 99999
2011011506 99999
2011011512 99999
2011011518 99999
2011011600 99999
2011011606 99999
2011011612 99999
2011011618 99999
2011011700 99999
2011011706 99999
2011011712 99999
2011011718 99999
2011011800 99999
2011011806 99999
2011011812 99999
2011011818 99999
2011011900 99999
2011011906 99999
2011011912     3
2011011918 99999
2011012000 99999
2011012006 99999
2011012012 99999
2011012018 99999
2011012100 99999
2011012106 99999
2011012112 99999
2011012118 99999
2011012200 99999
2011012206 99999
2011012212 99999
2011012218 99999
2011012300 99999
2011012306 99999
2011012312 99999
2011012318 99999
2011012400 99999
2011012406 99999
2011012412 99999
2011012418 99999
2011012500 99999
2011012506 99999
2011012512 99999
2011012518 99999
2011012600 99999
2011012606 99999
2011012612 99999
2011012618 99999
2011012700 99999
2011012706 99999
2011012712 99999
2011012718 99999
2011012800 99999
2011012806 99999
2011012812 99999
2011012818 99999
2011012900 99999
2011012906 99999
2011012912 99999
2011012918 99999
2011013000 99999
2011013006 99999
2011013012 99999
2011013018 99999
2011013100 99999
2011013106 99999
2011013112 99999
2011013118 99999
2011020100 99999
2011020106 99999
2011020112 99999
2011020118 99999
2011020200 99999
2011020206 99999
2011020212 99999
2011020218 99999
2011020300 99999
2011020306 99999
2011020312 99999
2011020318 99999
2011020400 99999
2011020406 99999
2011020412 99999
2011020418 99999
2011020500 99999
2011020506 99999
2011020512 99999
2011020518 99999
2011020600 99999
2011020606 99999
2011020612 99999
2011020618 99999
2011020700 99999
2011020706 99999
2011020712 99999
2011020718 99999
2011020800 99999
2011020806 99999
2011020812 99999
2011020818 99999
2011020900 99999
2011020906 99999
2011020912 99999
2011020918 99999
2011021000 99999
2011021006 99999
2011021012 99999
2011021018 99999
2011021100 99999
2011021106 99999
2011021112 99999
2011021118 99999
2011021200 99999
2011021206 99999
2011021212 99999
2011021218 99999
2011021300 99999
2011021306 99999
2011021312 99999
2011021318 99999
2011021400 99999
2011021406 99999
2011021412 99999
2011021418 99999
2011021500 99999
2011021506 99999
2011021512 99999
2011021518 99999
2011021600 99999
2011021606 99999
2011021612 99999
2011021618 99999
2011021700 99999
2011021706 99999
2011021712 99999
2011021718 99999
2011021800 99999
2011021806 99999
2011021812 99999
2011021818 99999
2011021900 99999
2011021906 99999
2011021912 99999
2011021918 99999
2011022000 99999
2011022006 99999
2011022012 99999
2011022018 99999
2011022100 99999
2011022106 99999
2011022112 99999
2011022118 99999
2011022200 99999
2011022206 99999
2011022212 99999
2011022218 99999
2011022300 99999
2011022306 99999
2011022312 99999
2011022318 99999
2011022400 99999
2011022406 99999
2011022412 99999
2011022418 99999
2011022500 99999
2011022506 99999
2011022512 99999
2011022518 99999
2011022600 99999
2011022606 99999
2011022612 99999
2011022618 99999
2011022700 99999
2011022706 99999
2011022712 99999
2011022718 99999
2011022800 99999
2011022806 99999
2011022812 99999
2011022818 99999
2011030100 99999
2011030106 99999
2011030112 99999
2011030118 99999
2011030200 99999
2011030206 99999
2011030212 99999
2011030218 99999
2011030300 99999
2011030306 99999
2011030312 99999
2011030318 99999
2011030400 99999
2011030406 99999
2011030412 99999
2011030418 99999
2011030500 99999
2011030506 99999
2011030512 99999
2011030518 99999
2011030600 99999
2011030606 99999
2011030612 99999
2011030618 99999
2011030700 99999
2011030706 99999
2011030712 99999
2011030718 99999
2011030800 99999
2011030806 99999
2011030812 99999
2011030818 99999
2011030900 99999
2011030906 99999
2011030912 99999
2011030918 99999
2011031000 99999
2011031006 99999
2011031012 99999
2011031018 99999
2011031100 99999
2011031106 99999
2011031112 99999
2011031118 99999
2011031200 99999
2011031206 99999
2011031212 99999
2011031218 99999
2011031300 99999
2011031306 99999
2011031312 99999
2011031318 99999
2011031400 99999
2011031406 99999
2011031412 99999
2011031418 99999
2011031500 99999
2011031506 99999
2011031512 99999
2011031518 99999
2011031600 99999
2011031606 99999
2011031612 99999
2011031618 99999
2011031700 99999
2011031706 99999
2011031712 99999
2011031718 99999
2011031800 99999
2011031806 99999
2011031812 99999
2011031818 99999
2011031900 99999
2011031906 99999
2011031912 99999
2011031918 99999
2011032000 99999
2011032006 99999
2011032012 99999
2011032018 99999
2011032100 99999
2011032106 99999
2011032112 99999
2011032118 99999
2011032200 99999
2011032206 99999
2011032212 99999
2011032218 99999
2011032300 99999
2011032306 99999
2011032312 99999
2011032318 99999
2011032400 99999
2011032406 99999
2011032412 99999
2011032418 99999
2011032500 99999
2011032506 99999
2011032512 99999
2011032518 99999
2011032600 99999
2011032606 99999
2011032612 99999
2011032618 99999
2011032700 99999
2011032706 99999
2011032712 99999
2011032718 99999
2011032800 99999
2011032806 99999
2011032812 99999
2011032818 99999
2011032900 99999
2011032906 99999
2011032912 99999
2011032918 99999
2011033000 99999
2011033006 99999
2011033012 99999
2011033018 99999
2011033100 99999
2011033106 99999
2011033112 99999
2011033118 99999
2011040100 99999
2011040106 99999
2011040112 99999
2011040118 99999
2011040200 99999
2011040206 99999
2011040212 99999
2011040218 99999
2011040300 99999
2011040306 99999
2011040312 99999
2011040318 99999
2011040400 99999
2011040406 99999
2011040412 99999
2011040418 99999
2011040500 99999
2011040506 99999
2011040512 99999
2011040518 99999
2011040600 99999
2011040606 99999
2011040612 99999
2011040618 99999
2011040700 99999
2011040706 99999
2011040712 99999
2011040718 99999
2011040800 99999
2011040806 99999
2011040812 99999
2011040818 99999
2011040900 99999
2011040906 99999
2011040912 99999
2011040918 99999
2011041000 99999
2011041006 99999
2011041012 99999
2011041018 99999
2011041100 99999
2011041106 99999
2011041112 99999
2011041118 99999
2011041200 99999
2011041206 99999
2011041212 99999
2011041218 99999
2011041300 99999
2011041306 99999
2011041312 99999
2011041318 99999
2011041400 99999
2011041406 99999
2011041412 99999
2011041418 99999
2011041500 99999
2011041506 99999
2011041512 99999
2011041518 99999
2011041600 99999
2011041606 99999
2011041612 99999
2011041618 99999
2011041700 99999
2011041706 99999
2011041712 99999
2011041718 99999
2011041800 99999
2011041806 99999
2011041812 99999
2011041818 99999
2011041900 99999
2011041906 99999
2011041912 99999
2011041918 99999
2011042000 99999
2011042006 99999
2011042012 99999
2011042018 99999
2011042100 99999
2011042106 99999
2011042112 99999
2011042118 99999
2011042200 99999
2011042206 99999
2011042212 99999
2011042218 99999
2011042300 99999
2011042306 99999
2011042312 99999
2011042318 99999
2011042400 99999
2011042406 99999
2011042412 99999
2011042418 99999
2011042500 99999
2011042506 99999
2011042512 99999
2011042518 99999
2011042600 99999
2011042606 99999
2011042612 99999
2011042618 99999
2011042700 99999
2011042706 99999
2011042712 99999
2011042718 99999
2011042800     3
2011042806 99999
2011042812 99999
2011042818     2
2011042900 99999
2011042906 99999
2011042912 99999
2011042918 99999
2011043000 99999
2011043006 99999
2011043012 99999
2011043018 99999
2011050100 99999
2011050106 99999
2011050112 99999
2011050118 99999
2011050200 99999
2011050206 99999
2011050212 99999
2011050218 99999
2011050300 99999
2011050306 99999
2011050312 99999
2011050318 99999
2011050400 99999
2011050406 99999
2011050412 99999
2011050418 99999
2011050500 99999
2011050506 99999
2011050512 99999
2011050518 99999
2011050600 99999
2011050606 99999
2011050612 99999
2011050618 99999
2011050700 99999
2011050706 99999
2011050712 99999
2011050718 99999
2011050800 99999
2011050806 99999
2011050812 99999
2011050818 99999
2011050900 99999
2011050906 99999
2011050912 99999
2011050918 99999
2011051000 99999
2011051006 99999
2011051012 99999
2011051018     2
2011051100     8
2011051106 99999
2011051112 99999
2011051118 99999
2011051200 99999
2011051206 99999
2011051212 99999
2011051218 99999
2011051300 99999
2011051306 99999
2011051312 99999
2011051318 99999
2011051400 99999
2011051406 99999
2011051412 99999
2011051418 99999
2011051500 99999
2011051506 99999
2011051512 99999
2011051518 99999
2011051600 99999
2011051606 99999
2011051612 99999
2011051618 99999
2011051700 99999
2011051706 99999
2011051712 99999
2011051718 99999
2011051800 99999
2011051806 99999
2011051812 99999
2011051818 99999
2011051900 99999
2011051906 99999
2011051912 99999
2011051918 99999
2011052000 99999
2011052006 99999
2011052012 99999
2011052018 99999
2011052100 99999
2011052106 99999
2011052112 99999
2011052118 99999
2011052200 99999
2011052206     1
2011052212 99999
2011052218 99999
2011052300 99999
2011052306 99999
2011052312 99999
2011052318 99999
2011052400 99999
2011052406 99999
2011052412 99999
2011052418 99999
2011052500 99999
2011052506 99999
2011052512 99999
2011052518 99999
2011052600 99999
2011052606 99999
2011052612 99999
2011052618 99999
2011052700 99999
2011052706 99999
2011052712 99999
2011052718 99999
2011052800 99999
2011052806 99999
2011052812 99999
2011052818 99999
2011052900 99999
2011052906 99999
2011052912 99999
2011052918 99999
2011053000 99999
2011053006 99999
2011053012 99999
2011053018 99999
2011053100 99999
2011053106 99999
2011053112 99999
2011053118 99999
2011060100 99999
2011060106 99999
2011060112 99999
2011060118 99999
2011060200 99999
2011060206 99999
2011060212 99999
2011060218 99999
2011060300 99999
2011060306 99999
2011060312 99999
2011060318 99999
2011060400 99999
2011060406 99999
2011060412 99999
2011060418 99999
2011060500 99999
2011060506    23
2011060512    80
2011060518 99999
2011060600 99999
2011060606 99999
2011060612     1
2011060618 99999
2011060700 99999
2011060706 99999
2011060712 99999
2011060718 99999
2011060800 99999
2011060806 99999
2011060812 99999
2011060818 99999
2011060900 99999
2011060906 99999
2011060912 99999
2011060918 99999
2011061000 99999
2011061006 99999
2011061012 99999
2011061018     8
2011061100 99999
2011061106     4
2011061112    16
2011061118 99999
2011061200 99999
2011061206 99999
2011061212 99999
2011061218 99999
2011061300 99999
2011061306 99999
2011061312 99999
2011061318 99999
2011061400 99999
2011061406 99999
2011061412 99999
2011061418 99999
2011061500 99999
2011061506 99999
2011061512 99999
2011061518 99999
2011061600 99999
2011061606 99999
2011061612     6
2011061618     2
2011061700     3
2011061706     1
2011061712 99999
2011061718 99999
2011061800 99999
2011061806 99999
2011061812     1
2011061818     6
2011061900     2
2011061906 99999
2011061912 99999
2011061918 99999
2011062000 99999
2011062006 99999
2011062012 99999
2011062018 99999
2011062100 99999
2011062106 99999
2011062112 99999
2011062118 99999
2011062200 99999
2011062206 99999
2011062212 99999
2011062218 99999
2011062300 99999
2011062306 99999
2011062312     2
2011062318     1
2011062400 99999
2011062406     3
2011062412 99999
2011062418 99999
2011062500 99999
2011062506 99999
2011062512 99999
2011062518 99999
2011062600 99999
2011062606 99999
2011062612 99999
2011062618 99999
2011062700 99999
2011062706 99999
2011062712 99999
2011062718 99999
2011062800 99999
2011062806     1
2011062812     2
2011062818   173
2011062900    25
2011062906     2
2011062912 99999
2011062918 99999
2011063000 99999
2011063006 99999
2011063012 99999
2011063018 99999
2011070100    17
2011070106 99999
2011070112 99999
2011070118 99999
2011070200 99999
2011070206 99999
2011070212 99999
2011070218 99999
2011070300 99999
2011070306 99999
2011070312 99999
2011070318 99999
2011070400 99999
2011070406 99999
2011070412 99999
2011070418 99999
2011070500 99999
2011070506 99999
2011070512 99999
2011070518 99999
2011070600 99999
2011070606 99999
2011070612 99999
2011070618 99999
2011070700 99999
2011070706 99999
2011070712 99999
2011070718 99999
2011070800 99999
2011070806 99999
2011070812     4
2011070818 99999
2011070900 99999
2011070906 99999
2011070912 99999
2011070918 99999
2011071000 99999
2011071006 99999
2011071012 99999
2011071018 99999
2011071100 99999
2011071106 99999
2011071112 99999
2011071118 99999
2011071200 99999
2011071206 99999
2011071212 99999
2011071218 99999
2011071300     2
2011071306 99999
2011071312 99999
2011071318 99999
2011071400 99999
2011071406 99999
2011071412 99999
2011071418 99999
2011071500 99999
2011071506 99999
2011071512 99999
2011071518 99999
2011071600 99999
2011071606 99999
2011071612 99999
2011071618 99999
2011071700 99999
2011071706 99999
2011071712     2
2011071718     1
2011071800     1
2011071806 99999
2011071812 99999
2011071818 99999
2011071900 99999
2011071906 99999
2011071912 99999
2011071918 99999
2011072000 99999
2011072006 99999
2011072012 99999
2011072018     3
2011072100 99999
2011072106 99999
2011072112     2
2011072118     5
2011072200 99999
2011072206 99999
2011072212 99999
2011072218 99999
2011072300 99999
2011072306 99999
2011072312 99999
2011072318 99999
2011072400 99999
2011072406 99999
2011072412 99999
2011072418 99999
2011072500 99999
2011072506 99999
2011072512 99999
2011072518 99999
2011072600 99999
2011072606 99999
2011072612 99999
2011072618 99999
2011072700 99999
2011072706 99999
2011072712 99999
2011072718     2
2011072800 99999
2011072806 99999
2011072812     6
2011072818     8
2011072900 99999
2011072906 99999
2011072912 99999
2011072918 99999
2011073000 99999
2011073006 99999
2011073012 99999
2011073018 99999
2011073100 99999
2011073106 99999
2011073112 99999
2011073118 99999
2011080100 99999
2011080106 99999
2011080112 99999
2011080118 99999
2011080200 99999
2011080206 99999
2011080212 99999
2011080218 99999
2011080300 99999
2011080306 99999
2011080312 99999
2011080318 99999
2011080400 99999
2011080406 99999
2011080412 99999
2011080418 99999
2011080500 99999
2011080506 99999
2011080512 99999
2011080518 99999
2011080600 99999
2011080606 99999
2011080612     6
2011080618     2
2011080700 99999
2011080706 99999
2011080712 99999
2011080718     2
2011080800    11
2011080806    13
2011080812     6
2011080818     2
2011080900 99999
2011080906 99999
2011080912 99999
2011080918 99999
2011081000 99999
2011081006 99999
2011081012 99999
2011081018 99999
2011081100 99999
2011081106 99999
2011081112 99999
2011081118 99999
2011081200 99999
2011081206 99999
2011081212 99999
2011081218 99999
2011081300 99999
2011081306 99999
2011081312 99999
2011081318 99999
2011081400 99999
2011081406 99999
2011081412 99999
2011081418 99999
2011081500 99999
2011081506 99999
2011081512 99999
2011081518 99999
2011081600 99999
2011081606 99999
2011081612 99999
2011081618 99999
2011081700 99999
2011081706 99999
2011081712 99999
2011081718 99999
2011081800 99999
2011081806 99999
2011081812 99999
2011081818     5
2011081900 99999
2011081906 99999
2011081912 99999
2011081918 99999
2011082000 99999
2011082006 99999
2011082012 99999
2011082018 99999
2011082100 99999
2011082106     4
2011082112     3
2011082118 99999
2011082200 99999
2011082206 99999
2011082212 99999
2011082218 99999
2011082300 99999
2011082306 99999
2011082312     6
2011082318     6
2011082400 99999
2011082406 99999
2011082412 99999
2011082418 99999
2011082500 99999
2011082506 99999
2011082512     1
2011082518 99999
2011082600 99999
2011082606   174
2011082612    17
2011082618 99999
2011082700 99999
2011082706 99999
2011082712    15
2011082718     3
2011082800     2
2011082806 99999
2011082812     2
2011082818 99999
2011082900     5
2011082906 99999
2011082912 99999
2011082918 99999
2011083000 99999
2011083006 99999
2011083012 99999
2011083018 99999
2011083100 99999
2011083106 99999
2011083112 99999
2011083118 99999
2011090100 99999
2011090106 99999
2011090112 99999
2011090118 99999
2011090200 99999
2011090206 99999
2011090212 99999
2011090218 99999
2011090300 99999
2011090306 99999
2011090312 99999
2011090318 99999
2011090400     3
2011090406 99999
2011090412 99999
2011090418 99999
2011090500 99999
2011090506 99999
2011090512     3
2011090518    12
2011090600 99999
2011090606 99999
2011090612 99999
2011090618     4
2011090700 99999
2011090706 99999
2011090712 99999
2011090718     1
2011090800 99999
2011090806 99999
2011090812 99999
2011090818 99999
2011090900 99999
2011090906 99999
2011090912 99999
2011090918 99999
2011091000 99999
2011091006 99999
2011091012 99999
2011091018   107
2011091100    46
2011091106 99999
2011091112 99999
2011091118 99999
2011091200 99999
2011091206 99999
2011091212 99999
2011091218 99999
2011091300 99999
2011091306 99999
2011091312 99999
2011091318     3
2011091400 99999
2011091406 99999
2011091412 99999
2011091418 99999
2011091500 99999
2011091506 99999
2011091512 99999
2011091518 99999
2011091600 99999
2011091606 99999
2011091612 99999
2011091618     8
2011091700 99999
2011091706 99999
2011091712 99999
2011091718 99999
2011091800 99999
2011091806     4
2011091812    20
2011091818 99999
2011091900 99999
2011091906 99999
2011091912 99999
2011091918 99999
2011092000 99999
2011092006 99999
2011092012 99999
2011092018 99999
2011092100 99999
2011092106 99999
2011092112 99999
2011092118 99999
2011092200 99999
2011092206 99999
2011092212 99999
2011092218 99999
2011092300 99999
2011092306 99999
2011092312 99999
2011092318 99999
2011092400 99999
2011092406 99999
2011092412 99999
2011092418 99999
2011092500 99999
2011092506 99999
2011092512 99999
2011092518 99999
2011092600 99999
2011092606 99999
2011092612 99999
2011092618 99999
2011092700 99999
2011092706 99999
2011092712 99999
2011092718 99999
2011092800 99999
2011092806 99999
2011092812 99999
2011092818 99999
2011092900 99999
2011092906 99999
2011092912 99999
2011092918 99999
2011093000 99999
2011093006 99999
2011093012 99999
2011093018 99999
2011100100 99999
2011100106 99999
2011100112 99999
2011100118 99999
2011100200 99999
2011100206 99999
2011100212 99999
2011100218 99999
2011100300 99999
2011100306 99999
2011100312 99999
2011100318 99999
2011100400 99999
2011100406 99999
2011100412 99999
2011100418 99999
2011100500 99999
2011100506 99999
2011100512 99999
2011100518 99999
2011100600 99999
2011100606 99999
2011100612     2
2011100618    11
2011100700    13
2011100706     2
2011100712 99999
2011100718 99999
2011100800 99999
2011100806 99999
2011100812 99999
2011100818 99999
2011100900 99999
2011100906 99999
2011100912 99999
2011100918 99999
2011101000 99999
2011101006 99999
2011101012 99999
2011101018 99999
2011101100 99999
2011101106 99999
2011101112 99999
2011101118 99999
2011101200 99999
2011101206 99999
2011101212 99999
2011101218 99999
2011101300 99999
2011101306 99999
2011101312 99999
2011101318 99999
2011101400 99999
2011101406 99999
2011101412 99999
2011101418 99999
2011101500 99999
2011101506 99999
2011101512 99999
2011101518 99999
2011101600 99999
2011101606 99999
2011101612 99999
2011101618 99999
2011101700 99999
2011101706 99999
2011101712 99999
2011101718 99999
2011101800 99999
2011101806 99999
2011101812 99999
2011101818 99999
2011101900 99999
2011101906     5
2011101912     8
2011101918     2
2011102000 99999
2011102006 99999
2011102012 99999
2011102018 99999
2011102100 99999
2011102106 99999
2011102112 99999
2011102118 99999
2011102200 99999
2011102206 99999
2011102212 99999
2011102218 99999
2011102300 99999
2011102306 99999
2011102312 99999
2011102318 99999
2011102400 99999
2011102406 99999
2011102412 99999
2011102418 99999
2011102500 99999
2011102506 99999
2011102512 99999
2011102518 99999
2011102600 99999
2011102606 99999
2011102612 99999
2011102618 99999
2011102700 99999
2011102706 99999
2011102712 99999
2011102718 99999
2011102800 99999
2011102806 99999
2011102812 99999
2011102818 99999
2011102900 99999
2011102906 99999
2011102912 99999
2011102918 99999
2011103000 99999
2011103006 99999
2011103012 99999
2011103018 99999
2011103100 99999
2011103106 99999
2011103112 99999
2011103118 99999
2011110100 99999
2011110106 99999
2011110112 99999
2011110118 99999
2011110200 99999
2011110206 99999
2011110212 99999
2011110218 99999
2011110300 99999
2011110306 99999
2011110312 99999
2011110318 99999
2011110400 99999
2011110406 99999
2011110412 99999
2011110418 99999
2011110500 99999
2011110506 99999
2011110512 99999
2011110518 99999
2011110600 99999
2011110606 99999
2011110612 99999
2011110618 99999
2011110700 99999
2011110706 99999
2011110712 99999
2011110718 99999
2011110800 99999
2011110806 99999
2011110812 99999
2011110818 99999
2011110900 99999
2011110906 99999
2011110912 99999
2011110918 99999
2011111000 99999
2011111006 99999
2011111012 99999
2011111018 99999
2011111100 99999
2011111106 99999
2011111112 99999
2011111118 99999
2011111200 99999
2011111206 99999
2011111212 99999
2011111218 99999
2011111300 99999
2011111306 99999
2011111312 99999
2011111318 99999
2011111400 99999
2011111406 99999
2011111412 99999
2011111418 99999
2011111500 99999
2011111506 99999
2011111512 99999
2011111518 99999
2011111600 99999
2011111606 99999
2011111612 99999
2011111618 99999
2011111700 99999
2011111706 99999
2011111712 99999
2011111718 99999
2011111800 99999
2011111806 99999
2011111812 99999
2011111818 99999
2011111900 99999
2011111906 99999
2011111912 99999
2011111918 99999
2011112000 99999
2011112006 99999
2011112012 99999
2011112018 99999
2011112100 99999
2011112106 99999
2011112112 99999
2011112118 99999
2011112200 99999
2011112206 99999
2011112212 99999
2011112218 99999
2011112300 99999
2011112306 99999
2011112312 99999
2011112318 99999
2011112400 99999
2011112406 99999
2011112412 99999
2011112418 99999
2011112500 99999
2011112506 99999
2011112512 99999
2011112518 99999
2011112600 99999
2011112606 99999
2011112612 99999
2011112618 99999
2011112700 99999
2011112706 99999
2011112712 99999
2011112718 99999
2011112800 99999
2011112806 99999
2011112812 99999
2011112818 99999
2011112900 99999
2011112906 99999
2011112912 99999
2011112918 99999
2011113000 99999
2011113006 99999
2011113012 99999
2011113018 99999
2011120100 99999
2011120106 99999
2011120112 99999
2011120118 99999
2011120200 99999
2011120206 99999
2011120212 99999
2011120218 99999
2011120300 99999
2011120306 99999
2011120312 99999
2011120318 99999
2011120400 99999
2011120406 99999
2011120412 99999
2011120418 99999
2011120500     3
2011120506     2
2011120512     7
2011120518     2
2011120600     7
2011120606     2
2011120612     3
2011120618 99999
2011120700 99999
2011120706    12
2011120712 99999
2011120718     2
2011120800 99999
2011120806 99999
2011120812 99999
2011120818 99999
2011120900 99999
2011120906 99999
2011120912 99999
2011120918     1
2011121000 99999
2011121006 99999
2011121012 99999
2011121018 99999
2011121100 99999
2011121106 99999
2011121112 99999
2011121118 99999
2011121200 99999
2011121206 99999
2011121212 99999
2011121218 99999
2011121300 99999
2011121306 99999
2011121312 99999
2011121318 99999
2011121400     1
2011121406 99999
2011121412     2
2011121418    10
2011121500 99999
2011121506 99999
2011121512     2
2011121518 99999
2011121600 99999
2011121606 99999
2011121612 99999
2011121618 99999
2011121700 99999
2011121706 99999
2011121712 99999
2011121718     3
2011121800     2
2011121806     3
2011121812     4
2011121818 99999
2011121900 99999
2011121906 99999
2011121912 99999
2011121918 99999
2011122000 99999
2011122006 99999
2011122012 99999
2011122018 99999
2011122100 99999
2011122106 99999
2011122112 99999
2011122118 99999
2011122200 99999
2011122206 99999
2011122212 99999
2011122218 99999
2011122300 99999
2011122306 99999
2011122312 99999
2011122318 99999
2011122400 99999
2011122406 99999
2011122412 99999
2011122418 99999
2011122500 99999
2011122506 99999
2011122512 99999
2011122518 99999
2011122600 99999
2011122606 99999
2011122612 99999
2011122618 99999
2011122700 99999
2011122706 99999
2011122712 99999
2011122718 99999
2011122800 99999
2011122806 99999
2011122812 99999
2011122818 99999
2011122900 99999
2011122906 99999
2011122912 99999
2011122918     4
2011123000     2
2011123006 99999
2011123012 99999
2011123018 99999
2011123100 99999
2011123106 99999
2011123112 99999
2011123118 99999
