2011010103     0
2011010109     0
2011010115     0
2011010121     0
2011010203     0
2011010209     0
2011010215     0
2011010221     0
2011010303     0
2011010309     0
2011010315     0
2011010321     0
2011010403     0
2011010409     0
2011010415     0
2011010421     0
2011010503     0
2011010509     0
2011010515     0
2011010521     0
2011010603     0
2011010609     0
2011010615     0
2011010621     0
2011010703     0
2011010709     0
2011010715     0
2011010721     0
2011010803     0
2011010809     0
2011010815     0
2011010821     0
2011010903     0
2011010909     0
2011010915     0
2011010921     0
2011011003     0
2011011009     0
2011011015     0
2011011021     0
2011011103     0
2011011109     0
2011011115     0
2011011121     0
2011011203     0
2011011209     0
2011011215     0
2011011221     0
2011011303     0
2011011309     0
2011011315     0
2011011321     0
2011011403     0
2011011409     0
2011011415     0
2011011421     0
2011011503     0
2011011509     0
2011011515     0
2011011521     0
2011011603     0
2011011609     0
2011011615     0
2011011621     0
2011011703     0
2011011709     0
2011011715     0
2011011721     0
2011011803     0
2011011809     0
2011011815     0
2011011821     0
2011011903     0
2011011909     0
2011011915     0
2011011921     0
2011012003     0
2011012009     0
2011012015     0
2011012021     0
2011012103     0
2011012109     0
2011012115     0
2011012121     0
2011012203     0
2011012209     0
2011012215     0
2011012221     0
2011012303     0
2011012309     0
2011012315     0
2011012321     0
2011012403     0
2011012409     0
2011012415     0
2011012421     0
2011012503     0
2011012509     0
2011012515     0
2011012521     0
2011012603     0
2011012609     0
2011012615     0
2011012621     0
2011012703     0
2011012709     0
2011012715     0
2011012721     0
2011012803     0
2011012809     0
2011012815     0
2011012821     0
2011012903     0
2011012909     0
2011012915     0
2011012921     0
2011013003     0
2011013009     0
2011013015     0
2011013021     0
2011013103     0
2011013109     0
2011013115     0
2011013121     0
2011020103     0
2011020109     0
2011020115     0
2011020121     0
2011020203     0
2011020209     0
2011020215     0
2011020221     0
2011020303     0
2011020309     0
2011020315     0
2011020321     0
2011020403     0
2011020409     0
2011020415     0
2011020421     0
2011020503     0
2011020509     0
2011020515     0
2011020521     0
2011020603     0
2011020609     0
2011020615     0
2011020621     0
2011020703     0
2011020709     0
2011020715     0
2011020721     0
2011020803     0
2011020809     0
2011020815     0
2011020821     0
2011020903     0
2011020909     0
2011020915     0
2011020921     0
2011021003     0
2011021009     0
2011021015     0
2011021021     0
2011021103     0
2011021109     0
2011021115     0
2011021121     0
2011021203     0
2011021209     0
2011021215     0
2011021221     0
2011021303     0
2011021309     0
2011021315     0
2011021321     0
2011021403     0
2011021409     0
2011021415     0
2011021421     0
2011021503     0
2011021509     0
2011021515     0
2011021521     0
2011021603     0
2011021609     0
2011021615     0
2011021621     0
2011021703     0
2011021709     0
2011021715     0
2011021721     0
2011021803     0
2011021809     0
2011021815     0
2011021821     0
2011021903     0
2011021909     0
2011021915     0
2011021921     0
2011022003     0
2011022009     0
2011022015     0
2011022021     0
2011022103     0
2011022109     0
2011022115     0
2011022121     0
2011022203     0
2011022209     0
2011022215     0
2011022221     0
2011022303     0
2011022309     0
2011022315     0
2011022321     0
2011022403     0
2011022409     0
2011022415     0
2011022421     0
2011022503     0
2011022509     0
2011022515     0
2011022521     0
2011022603     0
2011022609     0
2011022615     0
2011022621     0
2011022703     0
2011022709     0
2011022715     0
2011022721     0
2011022803     0
2011022809     0
2011022815     0
2011022821     0
2011030103     0
2011030109     0
2011030115     0
2011030121     0
2011030203     0
2011030209     0
2011030215     0
2011030221     0
2011030303     0
2011030309     0
2011030315     0
2011030321     0
2011030403     0
2011030409     0
2011030415     0
2011030421     0
2011030503     0
2011030509     0
2011030515     0
2011030521     0
2011030603     0
2011030609     0
2011030615     0
2011030621     0
2011030703     0
2011030709     0
2011030715     0
2011030721     0
2011030803     0
2011030809     0
2011030815     0
2011030821     0
2011030903     0
2011030909     0
2011030915     0
2011030921     0
2011031003     0
2011031009     0
2011031015     0
2011031021     0
2011031103     0
2011031109     0
2011031115     0
2011031121     0
2011031203     0
2011031209     0
2011031215     0
2011031221     0
2011031303     0
2011031309     0
2011031315     0
2011031321     0
2011031403     0
2011031409     0
2011031415     0
2011031421     0
2011031503     0
2011031509     0
2011031515     0
2011031521     0
2011031603     0
2011031609     0
2011031615     0
2011031621     0
2011031703     0
2011031709     0
2011031715     0
2011031721     0
2011031803     0
2011031809     0
2011031815     0
2011031821     0
2011031903     0
2011031909     0
2011031915     0
2011031921     0
2011032003     0
2011032009     0
2011032015     0
2011032021     0
2011032103     0
2011032109     0
2011032115     0
2011032121     0
2011032203     0
2011032209     0
2011032215     0
2011032221     0
2011032303     0
2011032309     0
2011032315     0
2011032321     0
2011032403     0
2011032409     0
2011032415     0
2011032421     0
2011032503     0
2011032509     0
2011032515     0
2011032521     0
2011032603     0
2011032609     0
2011032615     0
2011032621     0
2011032703     0
2011032709     0
2011032715     0
2011032721     0
2011032803     0
2011032809     0
2011032815     0
2011032821     0
2011032903     0
2011032909     0
2011032915     0
2011032921     0
2011033003     0
2011033009     0
2011033015     0
2011033021     0
2011033103     0
2011033109     0
2011033115     0
2011033121     0
2011040103     0
2011040109     0
2011040115     0
2011040121     0
2011040203     0
2011040209     0
2011040215     0
2011040221     0
2011040303     0
2011040309     0
2011040315     0
2011040321     0
2011040403     0
2011040409     0
2011040415     0
2011040421     0
2011040503     0
2011040509     0
2011040515     0
2011040521     0
2011040603     0
2011040609     0
2011040615     0
2011040621     0
2011040703     0
2011040709     0
2011040715     0
2011040721     0
2011040803     0
2011040809     0
2011040815     0
2011040821     0
2011040903     0
2011040909     0
2011040915     0
2011040921     0
2011041003     0
2011041009     0
2011041015     0
2011041021     0
2011041103     0
2011041109     0
2011041115     0
2011041121     0
2011041203     0
2011041209     0
2011041215     0
2011041221     0
2011041303     0
2011041309     0
2011041315     0
2011041321     0
2011041403     0
2011041409     0
2011041415     0
2011041421     0
2011041503     0
2011041509     0
2011041515     0
2011041521     0
2011041603     0
2011041609     0
2011041615     0
2011041621     0
2011041703     0
2011041709     0
2011041715     0
2011041721     0
2011041803     0
2011041809     0
2011041815     0
2011041821     0
2011041903     0
2011041909     0
2011041915     0
2011041921     0
2011042003     0
2011042009     0
2011042015     0
2011042021     0
2011042103     0
2011042109     0
2011042115     0
2011042121     0
2011042203     0
2011042209     0
2011042215     0
2011042221     0
2011042303     0
2011042309     0
2011042315     0
2011042321     0
2011042403     0
2011042409     0
2011042415     0
2011042421     0
2011042503     0
2011042509     0
2011042515     0
2011042521     0
2011042603     0
2011042609     0
2011042615     0
2011042621     0
2011042703     0
2011042709     0
2011042715     0
2011042721     2
2011042803     0
2011042809     0
2011042815     0
2011042821     0
2011042903     0
2011042909     0
2011042915     0
2011042921     0
2011043003     0
2011043009     0
2011043015     0
2011043021     0
2011050103     0
2011050109     0
2011050115     0
2011050121     0
2011050203     0
2011050209     0
2011050215     0
2011050221     0
2011050303     0
2011050309     0
2011050315     0
2011050321     0
2011050403     0
2011050409     0
2011050415     0
2011050421     0
2011050503     0
2011050509     0
2011050515     0
2011050521     0
2011050603     0
2011050609     0
2011050615     0
2011050621     0
2011050703     0
2011050709     0
2011050715     0
2011050721     0
2011050803     0
2011050809     0
2011050815     0
2011050821     0
2011050903     0
2011050909     0
2011050915     0
2011050921     0
2011051003     0
2011051009     0
2011051015     0
2011051021    32
2011051103    63
2011051109     0
2011051115     0
2011051121     0
2011051203     0
2011051209    16
2011051215     1
2011051221     0
2011051303     0
2011051309     0
2011051315     0
2011051321     0
2011051403     0
2011051409     1
2011051415     0
2011051421     0
2011051503     0
2011051509     0
2011051515     0
2011051521     0
2011051603     0
2011051609     0
2011051615     0
2011051621     0
2011051703     0
2011051709     0
2011051715     0
2011051721     0
2011051803     0
2011051809     0
2011051815     0
2011051821     0
2011051903     0
2011051909     0
2011051915     0
2011051921     0
2011052003     0
2011052009     0
2011052015     0
2011052021     0
2011052103     0
2011052109     0
2011052115     0
2011052121     0
2011052203     0
2011052209     0
2011052215     0
2011052221     0
2011052303     0
2011052309     0
2011052315     0
2011052321     0
2011052403     0
2011052409     1
2011052415     0
2011052421     0
2011052503     0
2011052509     0
2011052515     0
2011052521     0
2011052603     0
2011052609     0
2011052615     0
2011052621     0
2011052703     0
2011052709     0
2011052715     0
2011052721     0
2011052803     0
2011052809     0
2011052815     0
2011052821     0
2011052903     0
2011052909     0
2011052915     0
2011052921     0
2011053003     0
2011053009     0
2011053015     0
2011053021     0
2011053103     0
2011053109     0
2011053115     0
2011053121     0
2011060103     0
2011060109     0
2011060115     0
2011060121     0
2011060203     0
2011060209     0
2011060215     0
2011060221     0
2011060303     0
2011060309     0
2011060315     0
2011060321     0
2011060403     0
2011060409     0
2011060415     0
2011060421     0
2011060503     0
2011060509    10
2011060515   533
2011060521     1
2011060603     5
2011060609     4
2011060615     0
2011060621     0
2011060703     0
2011060709     0
2011060715     0
2011060721     0
2011060803     0
2011060809     0
2011060815     0
2011060821     0
2011060903     0
2011060909     0
2011060915     0
2011060921     0
2011061003     0
2011061009     0
2011061015     0
2011061021     0
2011061103     0
2011061109     1
2011061115    69
2011061121     0
2011061203     0
2011061209     0
2011061215     0
2011061221     0
2011061303     0
2011061309     0
2011061315     0
2011061321     0
2011061403     0
2011061409     0
2011061415     0
2011061421     0
2011061503     0
2011061509     0
2011061515     0
2011061521     0
2011061603     0
2011061609    15
2011061615     1
2011061621    29
2011061703     1
2011061709     0
2011061715     0
2011061721     0
2011061803     0
2011061809     0
2011061815     1
2011061821     0
2011061903     5
2011061909     0
2011061915     0
2011061921     0
2011062003     0
2011062009     0
2011062015     0
2011062021     0
2011062103     0
2011062109     0
2011062115     0
2011062121     0
2011062203     0
2011062209     0
2011062215     0
2011062221     0
2011062303     0
2011062309     4
2011062315    98
2011062321    10
2011062403     3
2011062409     0
2011062415     4
2011062421     0
2011062503     0
2011062509     0
2011062515     0
2011062521     0
2011062603     0
2011062609     0
2011062615     0
2011062621     0
2011062703     0
2011062709     0
2011062715     0
2011062721     0
2011062803     0
2011062809     0
2011062815     0
2011062821   562
2011062903     0
2011062909    73
2011062915     0
2011062921     0
2011063003     0
2011063009     0
2011063015     0
2011063021     0
2011070103     5
2011070109     2
2011070115     2
2011070121     0
2011070203     0
2011070209     0
2011070215     0
2011070221     0
2011070303     0
2011070309     0
2011070315     0
2011070321     0
2011070403     0
2011070409     0
2011070415     0
2011070421     0
2011070503     0
2011070509     0
2011070515     0
2011070521     0
2011070603     0
2011070609     0
2011070615     0
2011070621     0
2011070703     0
2011070709     0
2011070715     0
2011070721     0
2011070803     0
2011070809     4
2011070815    10
2011070821     0
2011070903     0
2011070909     0
2011070915     3
2011070921     0
2011071003     0
2011071009     0
2011071015     9
2011071021     2
2011071103     0
2011071109     0
2011071115     0
2011071121     0
2011071203     0
2011071209     0
2011071215     0
2011071221     0
2011071303     0
2011071309     0
2011071315     0
2011071321     0
2011071403     0
2011071409     0
2011071415     0
2011071421     0
2011071503     0
2011071509     0
2011071515     0
2011071521     0
2011071603     0
2011071609     0
2011071615     0
2011071621     0
2011071703     0
2011071709     0
2011071715     5
2011071721    17
2011071803     0
2011071809     0
2011071815     0
2011071821     0
2011071903     0
2011071909     0
2011071915     0
2011071921     0
2011072003     0
2011072009     0
2011072015     0
2011072021     0
2011072103     0
2011072109     0
2011072115     0
2011072121     0
2011072203     0
2011072209     0
2011072215     0
2011072221     0
2011072303     0
2011072309     0
2011072315     0
2011072321     0
2011072403     0
2011072409     0
2011072415     0
2011072421     0
2011072503     0
2011072509     0
2011072515     0
2011072521     0
2011072603     0
2011072609     0
2011072615     0
2011072621     0
2011072703     0
2011072709     0
2011072715    39
2011072721     1
2011072803     0
2011072809     0
2011072815     0
2011072821     0
2011072903     0
2011072909     0
2011072915     0
2011072921     0
2011073003     0
2011073009     0
2011073015     0
2011073021     0
2011073103     0
2011073109     0
2011073115     0
2011073121     0
2011080103     0
2011080109     0
2011080115     0
2011080121     0
2011080203     0
2011080209     0
2011080215     0
2011080221     0
2011080303     0
2011080309     0
2011080315     9
2011080321    38
2011080403     0
2011080409     0
2011080415     0
2011080421     0
2011080503     0
2011080509     0
2011080515     0
2011080521     0
2011080603     0
2011080609     0
2011080615    32
2011080621     5
2011080703     0
2011080709     0
2011080715     0
2011080721    13
2011080803     2
2011080809    14
2011080815    85
2011080821     0
2011080903     0
2011080909     0
2011080915     0
2011080921     0
2011081003     0
2011081009     0
2011081015     0
2011081021     0
2011081103     0
2011081109     0
2011081115     0
2011081121     0
2011081203     0
2011081209     0
2011081215     0
2011081221     0
2011081303     0
2011081309     0
2011081315     0
2011081321     0
2011081403     0
2011081409     0
2011081415     0
2011081421     0
2011081503     0
2011081509     0
2011081515     0
2011081521     0
2011081603     0
2011081609     0
2011081615     0
2011081621     0
2011081703     0
2011081709     0
2011081715     0
2011081721     0
2011081803     0
2011081809     0
2011081815     0
2011081821     3
2011081903     0
2011081909     0
2011081915     0
2011081921     0
2011082003     0
2011082009     0
2011082015     0
2011082021     0
2011082103     0
2011082109    21
2011082115   141
2011082121     0
2011082203     0
2011082209     0
2011082215     0
2011082221     0
2011082303     0
2011082309    17
2011082315    33
2011082321     0
2011082403     0
2011082409     0
2011082415     0
2011082421     0
2011082503     0
2011082509     0
2011082515     1
2011082521     0
2011082603     0
2011082609   445
2011082615   447
2011082621     0
2011082703     0
2011082709     0
2011082715   118
2011082721    11
2011082803     2
2011082809     6
2011082815    32
2011082821     2
2011082903     1
2011082909     0
2011082915     0
2011082921     0
2011083003     0
2011083009     0
2011083015     0
2011083021     0
2011083103     0
2011083109     0
2011083115     0
2011083121     0
2011090103     0
2011090109     0
2011090115     0
2011090121     0
2011090203     0
2011090209     0
2011090215     0
2011090221     0
2011090303     0
2011090309     0
2011090315     0
2011090321     0
2011090403     7
2011090409     0
2011090415     0
2011090421     0
2011090503     0
2011090509     0
2011090515    27
2011090521    56
2011090603     0
2011090609     0
2011090615     0
2011090621     0
2011090703     0
2011090709     0
2011090715     0
2011090721     2
2011090803     0
2011090809     0
2011090815     0
2011090821     0
2011090903     0
2011090909     0
2011090915     0
2011090921     0
2011091003     0
2011091009     0
2011091015     0
2011091021   884
2011091103     3
2011091109     0
2011091115     0
2011091121     0
2011091203     0
2011091209     0
2011091215     0
2011091221     0
2011091303     0
2011091309     0
2011091315     0
2011091321     9
2011091403     0
2011091409     0
2011091415     0
2011091421     0
2011091503     0
2011091509     0
2011091515     0
2011091521     0
2011091603     0
2011091609     0
2011091615     0
2011091621     0
2011091703     0
2011091709     0
2011091715     0
2011091721     0
2011091803     0
2011091809     6
2011091815     2
2011091821     0
2011091903     0
2011091909     0
2011091915     0
2011091921     0
2011092003     0
2011092009     0
2011092015     0
2011092021     0
2011092103     0
2011092109     0
2011092115     0
2011092121     0
2011092203     0
2011092209     0
2011092215     0
2011092221     0
2011092303     0
2011092309     0
2011092315     0
2011092321     0
2011092403     0
2011092409     0
2011092415     0
2011092421     0
2011092503     0
2011092509     0
2011092515     0
2011092521     0
2011092603     0
2011092609     0
2011092615     0
2011092621     0
2011092703     0
2011092709     0
2011092715     0
2011092721     0
2011092803     0
2011092809     0
2011092815     0
2011092821     0
2011092903     0
2011092909     0
2011092915     0
2011092921     0
2011093003     0
2011093009     0
2011093015     0
2011093021     0
2011100103     0
2011100109     0
2011100115     0
2011100121     0
2011100203     0
2011100209     0
2011100215     0
2011100221     0
2011100303     0
2011100309     0
2011100315     0
2011100321     0
2011100403     0
2011100409     0
2011100415     0
2011100421     0
2011100503     0
2011100509     0
2011100515     0
2011100521     0
2011100603     0
2011100609     0
2011100615     4
2011100621     9
2011100703     0
2011100709     0
2011100715     4
2011100721     0
2011100803     2
2011100809     0
2011100815     1
2011100821     0
2011100903     0
2011100909     0
2011100915     0
2011100921     0
2011101003     0
2011101009     0
2011101015     0
2011101021     0
2011101103     0
2011101109     0
2011101115     0
2011101121     0
2011101203     0
2011101209     0
2011101215     0
2011101221     0
2011101303     0
2011101309     0
2011101315     0
2011101321     0
2011101403     0
2011101409     0
2011101415     0
2011101421     0
2011101503     0
2011101509     0
2011101515     0
2011101521     0
2011101603     0
2011101609     0
2011101615     0
2011101621     0
2011101703     0
2011101709     0
2011101715     0
2011101721     0
2011101803     0
2011101809     1
2011101815     2
2011101821     0
2011101903     0
2011101909     2
2011101915     0
2011101921     2
2011102003     0
2011102009     0
2011102015     0
2011102021     0
2011102103     0
2011102109     0
2011102115     0
2011102121     0
2011102203     0
2011102209     0
2011102215     0
2011102221     0
2011102303     0
2011102309     0
2011102315     0
2011102321     0
2011102403     0
2011102409     0
2011102415     0
2011102421     0
2011102503     0
2011102509     0
2011102515     0
2011102521     0
2011102603     0
2011102609     0
2011102615     0
2011102621     0
2011102703     0
2011102709     0
2011102715     0
2011102721     0
2011102803     0
2011102809     0
2011102815     0
2011102821     0
2011102903     0
2011102909     0
2011102915     0
2011102921     0
2011103003     0
2011103009     0
2011103015     0
2011103021     0
2011103103     0
2011103109     0
2011103115     0
2011103121     0
2011110103     0
2011110109     0
2011110115     0
2011110121     0
2011110203     0
2011110209     0
2011110215     0
2011110221     0
2011110303     0
2011110309     0
2011110315     0
2011110321     0
2011110403     0
2011110409     0
2011110415     0
2011110421     0
2011110503     0
2011110509     0
2011110515     0
2011110521     0
2011110603     0
2011110609     0
2011110615     0
2011110621     0
2011110703     0
2011110709     0
2011110715     0
2011110721     0
2011110803     0
2011110809     0
2011110815     0
2011110821     0
2011110903     0
2011110909     0
2011110915     0
2011110921     0
2011111003     0
2011111009     0
2011111015     0
2011111021     0
2011111103     0
2011111109     0
2011111115     0
2011111121     0
2011111203     0
2011111209     0
2011111215     0
2011111221     0
2011111303     0
2011111309     0
2011111315     0
2011111321     0
2011111403     0
2011111409     0
2011111415     0
2011111421     0
2011111503     0
2011111509     0
2011111515     0
2011111521     0
2011111603     0
2011111609     0
2011111615     0
2011111621     0
2011111703     0
2011111709     0
2011111715     0
2011111721     0
2011111803     0
2011111809     0
2011111815     0
2011111821     0
2011111903     0
2011111909     0
2011111915     0
2011111921     0
2011112003     0
2011112009     0
2011112015     0
2011112021     0
2011112103     0
2011112109     0
2011112115     0
2011112121     0
2011112203     0
2011112209     0
2011112215     0
2011112221     0
2011112303     0
2011112309     0
2011112315     0
2011112321     0
2011112403     0
2011112409     0
2011112415     0
2011112421     0
2011112503     0
2011112509     0
2011112515     0
2011112521     0
2011112603     0
2011112609     0
2011112615     0
2011112621     0
2011112703     0
2011112709     0
2011112715     0
2011112721     0
2011112803     0
2011112809     0
2011112815     0
2011112821     0
2011112903     0
2011112909     0
2011112915     0
2011112921     0
2011113003     0
2011113009     0
2011113015     0
2011113021     0
2011120103     0
2011120109     0
2011120115     0
2011120121     0
2011120203     0
2011120209     0
2011120215     0
2011120221     0
2011120303     0
2011120309     0
2011120315     0
2011120321     0
2011120403    11
2011120409     0
2011120415     0
2011120421     0
2011120503    31
2011120509    16
2011120515    33
2011120521     2
2011120603    30
2011120609    33
2011120615    13
2011120621     1
2011120703     1
2011120709     1
2011120715    24
2011120721    17
2011120803     0
2011120809     0
2011120815     0
2011120821     0
2011120903     0
2011120909     0
2011120915     4
2011120921     0
2011121003     7
2011121009     1
2011121015     1
2011121021     0
2011121103     0
2011121109     0
2011121115     0
2011121121     0
2011121203     0
2011121209     0
2011121215     0
2011121221     0
2011121303     0
2011121309     0
2011121315     0
2011121321     1
2011121403     0
2011121409     0
2011121415     0
2011121421     0
2011121503     0
2011121509     0
2011121515     0
2011121521     0
2011121603     0
2011121609     0
2011121615     0
2011121621     0
2011121703     0
2011121709     1
2011121715     0
2011121721     2
2011121803     0
2011121809     0
2011121815     0
2011121821     0
2011121903     0
2011121909     0
2011121915     0
2011121921     0
2011122003     0
2011122009     0
2011122015     0
2011122021     0
2011122103     0
2011122109     0
2011122115     0
2011122121     0
2011122203     0
2011122209     0
2011122215     0
2011122221     0
2011122303     0
2011122309     0
2011122315     0
2011122321     0
2011122403     0
2011122409     0
2011122415     0
2011122421     0
2011122503     0
2011122509     0
2011122515     0
2011122521     0
2011122603     0
2011122609     0
2011122615     0
2011122621     0
2011122703     0
2011122709     0
2011122715     0
2011122721     0
2011122803     0
2011122809     0
2011122815     0
2011122821     0
2011122903     0
2011122909     0
2011122915     1
2011122921    29
2011123003     0
2011123009     0
2011123015     0
2011123021     0
2011123103     0
2011123109     0
2011123115     0
2011123121     0
