2010010103     0
2010010109     0
2010010115     0
2010010121     0
2010010203     0
2010010209     0
2010010215     0
2010010221     0
2010010303     0
2010010309     0
2010010315     0
2010010321     0
2010010403     0
2010010409     0
2010010415     0
2010010421     0
2010010503     0
2010010509     0
2010010515     0
2010010521     0
2010010603     6
2010010609     0
2010010615     0
2010010621     0
2010010703     0
2010010709     0
2010010715     0
2010010721     0
2010010803     0
2010010809     0
2010010815     0
2010010821     0
2010010903     0
2010010909     0
2010010915     0
2010010921     0
2010011003     0
2010011009     0
2010011015     0
2010011021     0
2010011103     0
2010011109     0
2010011115     0
2010011121     0
2010011203     0
2010011209     0
2010011215     0
2010011221     0
2010011303     0
2010011309     0
2010011315     0
2010011321     0
2010011403     0
2010011409     0
2010011415     0
2010011421     0
2010011503     0
2010011509     0
2010011515     0
2010011521     0
2010011603     0
2010011609     0
2010011615     0
2010011621     0
2010011703     0
2010011709     0
2010011715     0
2010011721     0
2010011803     0
2010011809     0
2010011815     0
2010011821     0
2010011903     0
2010011909     0
2010011915     0
2010011921     0
2010012003     0
2010012009     0
2010012015     0
2010012021     0
2010012103     0
2010012109     0
2010012115     0
2010012121     0
2010012203     0
2010012209     0
2010012215     0
2010012221     0
2010012303     0
2010012309     0
2010012315     0
2010012321     0
2010012403     0
2010012409     0
2010012415     0
2010012421     0
2010012503     0
2010012509     0
2010012515     0
2010012521     0
2010012603     0
2010012609     0
2010012615     0
2010012621     0
2010012703     0
2010012709     0
2010012715     0
2010012721     0
2010012803     0
2010012809     0
2010012815     0
2010012821     0
2010012903     0
2010012909     0
2010012915     0
2010012921     0
2010013003     0
2010013009     0
2010013015     0
2010013021     1
2010013103     0
2010013109     0
2010013115     0
2010013121     0
2010020103     0
2010020109     0
2010020115     0
2010020121     0
2010020203     0
2010020209     0
2010020215     0
2010020221     0
2010020303     0
2010020309     0
2010020315     0
2010020321     0
2010020403     0
2010020409     0
2010020415     0
2010020421     0
2010020503     0
2010020509     0
2010020515     0
2010020521     0
2010020603     0
2010020609     0
2010020615     0
2010020621     0
2010020703     0
2010020709     0
2010020715     0
2010020721     0
2010020803     0
2010020809     0
2010020815     0
2010020821     0
2010020903     0
2010020909     0
2010020915     0
2010020921     0
2010021003     0
2010021009     0
2010021015     0
2010021021     0
2010021103     0
2010021109     0
2010021115     0
2010021121     0
2010021203     0
2010021209     0
2010021215     0
2010021221     0
2010021303     0
2010021309     0
2010021315     0
2010021321     0
2010021403     0
2010021409     0
2010021415     0
2010021421     0
2010021503     0
2010021509     0
2010021515     0
2010021521     0
2010021603     0
2010021609     0
2010021615     0
2010021621     0
2010021703     0
2010021709     0
2010021715     0
2010021721     0
2010021803     0
2010021809     0
2010021815     0
2010021821     0
2010021903     0
2010021909     0
2010021915     0
2010021921     0
2010022003     0
2010022009     0
2010022015     0
2010022021     0
2010022103     0
2010022109     0
2010022115     0
2010022121     0
2010022203     0
2010022209     0
2010022215     0
2010022221     0
2010022303     0
2010022309     0
2010022315     0
2010022321     0
2010022403     0
2010022409     0
2010022415     0
2010022421     0
2010022503     0
2010022509     0
2010022515     0
2010022521     0
2010022603     0
2010022609     0
2010022615     0
2010022621     0
2010022703     0
2010022709     0
2010022715     0
2010022721     0
2010022803     0
2010022809     0
2010022815     0
2010022821     0
2010030103     0
2010030109     0
2010030115     0
2010030121     0
2010030203     0
2010030209     0
2010030215     0
2010030221     0
2010030303     0
2010030309     0
2010030315     0
2010030321     0
2010030403     0
2010030409     0
2010030415     0
2010030421     0
2010030503     0
2010030509     0
2010030515     0
2010030521     0
2010030603     0
2010030609     0
2010030615     0
2010030621     0
2010030703     0
2010030709     0
2010030715     0
2010030721     0
2010030803     0
2010030809     0
2010030815     0
2010030821     0
2010030903     0
2010030909     0
2010030915     0
2010030921     0
2010031003     0
2010031009     0
2010031015     0
2010031021     0
2010031103     0
2010031109     0
2010031115     0
2010031121     0
2010031203     0
2010031209     0
2010031215     0
2010031221     0
2010031303     0
2010031309     0
2010031315     0
2010031321     0
2010031403     0
2010031409     0
2010031415     0
2010031421     0
2010031503     0
2010031509     0
2010031515     0
2010031521     0
2010031603     0
2010031609     0
2010031615     0
2010031621     0
2010031703     0
2010031709     0
2010031715     0
2010031721     0
2010031803     0
2010031809     0
2010031815     0
2010031821     0
2010031903     0
2010031909     0
2010031915     0
2010031921     0
2010032003     0
2010032009     0
2010032015     0
2010032021     0
2010032103     0
2010032109     0
2010032115     0
2010032121     0
2010032203     0
2010032209     0
2010032215     0
2010032221     0
2010032303     0
2010032309     0
2010032315     0
2010032321     0
2010032403     0
2010032409     0
2010032415     0
2010032421     0
2010032503     0
2010032509     0
2010032515     0
2010032521     0
2010032603     0
2010032609     0
2010032615     0
2010032621     0
2010032703     0
2010032709     0
2010032715     0
2010032721     0
2010032803     0
2010032809     0
2010032815     0
2010032821     0
2010032903     0
2010032909     0
2010032915     0
2010032921     0
2010033003     0
2010033009     0
2010033015     0
2010033021     0
2010033103     0
2010033109     0
2010033115     0
2010033121     0
2010040103     0
2010040109     0
2010040115     0
2010040121     0
2010040203     0
2010040209     0
2010040215     0
2010040221     0
2010040303     0
2010040309     0
2010040315     0
2010040321     0
2010040403     0
2010040409     0
2010040415     0
2010040421     0
2010040503     0
2010040509     0
2010040515     0
2010040521     0
2010040603     0
2010040609     0
2010040615     0
2010040621     0
2010040703     0
2010040709     0
2010040715     0
2010040721     0
2010040803     0
2010040809     0
2010040815     0
2010040821     0
2010040903     0
2010040909     0
2010040915     0
2010040921     0
2010041003     0
2010041009     0
2010041015     0
2010041021     0
2010041103     0
2010041109     0
2010041115     0
2010041121     0
2010041203     0
2010041209     0
2010041215     0
2010041221     0
2010041303     0
2010041309     0
2010041315     0
2010041321     0
2010041403     0
2010041409     0
2010041415     0
2010041421     0
2010041503     0
2010041509     0
2010041515     0
2010041521     0
2010041603     0
2010041609     0
2010041615     0
2010041621     0
2010041703     0
2010041709     0
2010041715     0
2010041721     0
2010041803     0
2010041809     0
2010041815     0
2010041821     0
2010041903     0
2010041909     0
2010041915     0
2010041921     0
2010042003     0
2010042009     0
2010042015     0
2010042021     0
2010042103     0
2010042109     0
2010042115     0
2010042121     0
2010042203     0
2010042209     0
2010042215     0
2010042221     0
2010042303     0
2010042309     0
2010042315     0
2010042321     0
2010042403     0
2010042409     0
2010042415     0
2010042421     0
2010042503     0
2010042509     0
2010042515     0
2010042521     1
2010042603     0
2010042609     0
2010042615     0
2010042621     0
2010042703     0
2010042709     0
2010042715     0
2010042721     0
2010042803     0
2010042809     0
2010042815     0
2010042821     0
2010042903     0
2010042909     0
2010042915     0
2010042921     0
2010043003     0
2010043009     0
2010043015     0
2010043021     0
2010050103     0
2010050109     0
2010050115     0
2010050121     0
2010050203     0
2010050209     0
2010050215     0
2010050221     0
2010050303     0
2010050309     0
2010050315     0
2010050321     0
2010050403     0
2010050409     0
2010050415     0
2010050421     0
2010050503     0
2010050509     0
2010050515     0
2010050521     0
2010050603     0
2010050609     0
2010050615     0
2010050621     0
2010050703     0
2010050709     0
2010050715     0
2010050721     0
2010050803     0
2010050809     0
2010050815     0
2010050821     0
2010050903     0
2010050909     0
2010050915     0
2010050921     0
2010051003     0
2010051009     0
2010051015     0
2010051021     0
2010051103     0
2010051109     0
2010051115     0
2010051121     0
2010051203     0
2010051209     0
2010051215     0
2010051221     0
2010051303     0
2010051309     0
2010051315     0
2010051321     0
2010051403     0
2010051409     0
2010051415     0
2010051421     0
2010051503     0
2010051509     0
2010051515     0
2010051521     0
2010051603     0
2010051609     0
2010051615     0
2010051621     0
2010051703     0
2010051709     0
2010051715     0
2010051721     0
2010051803     0
2010051809     0
2010051815     0
2010051821     0
2010051903     0
2010051909     0
2010051915     0
2010051921     0
2010052003     0
2010052009     0
2010052015     0
2010052021     0
2010052103     0
2010052109     0
2010052115     0
2010052121     0
2010052203     0
2010052209     0
2010052215     0
2010052221     0
2010052303     0
2010052309     0
2010052315     0
2010052321     0
2010052403     0
2010052409     0
2010052415     0
2010052421     0
2010052503     0
2010052509     0
2010052515     0
2010052521     0
2010052603     0
2010052609     0
2010052615     0
2010052621     0
2010052703     0
2010052709     0
2010052715     0
2010052721     0
2010052803     1
2010052809     0
2010052815     0
2010052821     0
2010052903     0
2010052909     0
2010052915     0
2010052921     0
2010053003     0
2010053009     0
2010053015     0
2010053021     0
2010053103     0
2010053109     0
2010053115     0
2010053121     0
2010060103     0
2010060109     0
2010060115     0
2010060121     0
2010060203     0
2010060209     0
2010060215     0
2010060221     0
2010060303     0
2010060309     0
2010060315     0
2010060321     0
2010060403     0
2010060409     0
2010060415     0
2010060421     0
2010060503     0
2010060509     0
2010060515     0
2010060521     0
2010060603     0
2010060609     0
2010060615     0
2010060621     0
2010060703     0
2010060709     0
2010060715     0
2010060721     0
2010060803     0
2010060809     0
2010060815     1
2010060821     0
2010060903     0
2010060909     0
2010060915     0
2010060921     0
2010061003     0
2010061009     0
2010061015     0
2010061021     0
2010061103     0
2010061109     0
2010061115     0
2010061121     0
2010061203     0
2010061209     0
2010061215     0
2010061221     0
2010061303     0
2010061309     0
2010061315     0
2010061321     0
2010061403     0
2010061409     0
2010061415     0
2010061421     0
2010061503     0
2010061509     0
2010061515     0
2010061521     0
2010061603     0
2010061609     0
2010061615     0
2010061621     0
2010061703     0
2010061709     0
2010061715     0
2010061721     0
2010061803     0
2010061809     0
2010061815     0
2010061821     0
2010061903     0
2010061909     0
2010061915     0
2010061921     0
2010062003     0
2010062009     0
2010062015     0
2010062021     0
2010062103     0
2010062109     0
2010062115     0
2010062121     0
2010062203     0
2010062209     0
2010062215     0
2010062221     0
2010062303     0
2010062309     0
2010062315     0
2010062321     0
2010062403     0
2010062409     0
2010062415     0
2010062421     0
2010062503     0
2010062509     0
2010062515     0
2010062521     0
2010062603     0
2010062609     0
2010062615     0
2010062621     0
2010062703     0
2010062709     0
2010062715     0
2010062721     0
2010062803     0
2010062809     0
2010062815     0
2010062821     0
2010062903     0
2010062909     0
2010062915     0
2010062921     0
2010063003     0
2010063009     0
2010063015     0
2010063021     0
2010070103     0
2010070109     0
2010070115     0
2010070121     0
2010070203     0
2010070209     0
2010070215     0
2010070221   138
2010070303    77
2010070309     0
2010070315     0
2010070321     0
2010070403     0
2010070409     0
2010070415     0
2010070421     0
2010070503     0
2010070509     0
2010070515     0
2010070521     0
2010070603     0
2010070609     0
2010070615     0
2010070621     0
2010070703     0
2010070709     0
2010070715     0
2010070721     0
2010070803     0
2010070809     0
2010070815     0
2010070821     0
2010070903     0
2010070909     0
2010070915     0
2010070921     0
2010071003     0
2010071009     0
2010071015     0
2010071021    40
2010071103     0
2010071109     0
2010071115     0
2010071121     0
2010071203     0
2010071209     5
2010071215     0
2010071221     0
2010071303     0
2010071309     0
2010071315     0
2010071321     0
2010071403     0
2010071409     0
2010071415     3
2010071421     0
2010071503     0
2010071509     0
2010071515     0
2010071521     0
2010071603     0
2010071609     0
2010071615     0
2010071621     0
2010071703     0
2010071709     3
2010071715     0
2010071721     0
2010071803     0
2010071809     0
2010071815     0
2010071821     0
2010071903     0
2010071909     0
2010071915     0
2010071921     0
2010072003     0
2010072009     0
2010072015     0
2010072021     0
2010072103     0
2010072109     0
2010072115     0
2010072121     1
2010072203     0
2010072209     0
2010072215     0
2010072221     0
2010072303     0
2010072309     0
2010072315     0
2010072321     0
2010072403     0
2010072409     0
2010072415     0
2010072421     0
2010072503     0
2010072509     0
2010072515     0
2010072521     0
2010072603     0
2010072609     0
2010072615     0
2010072621     0
2010072703     0
2010072709     0
2010072715     0
2010072721     0
2010072803     0
2010072809     0
2010072815     0
2010072821     0
2010072903     0
2010072909     0
2010072915     0
2010072921     0
2010073003     0
2010073009     0
2010073015     0
2010073021     0
2010073103     0
2010073109     0
2010073115     0
2010073121     0
2010080103     0
2010080109     0
2010080115     0
2010080121     0
2010080203     0
2010080209     0
2010080215     0
2010080221     0
2010080303     0
2010080309     0
2010080315     0
2010080321     0
2010080403     1
2010080409    11
2010080415     0
2010080421     0
2010080503     0
2010080509     0
2010080515     0
2010080521     0
2010080603     0
2010080609     0
2010080615     0
2010080621     0
2010080703     0
2010080709     0
2010080715     0
2010080721     0
2010080803     0
2010080809     0
2010080815     0
2010080821     0
2010080903     0
2010080909     0
2010080915     0
2010080921     0
2010081003     0
2010081009     0
2010081015     0
2010081021     0
2010081103     0
2010081109     0
2010081115     0
2010081121     0
2010081203     0
2010081209     0
2010081215     0
2010081221     0
2010081303     1
2010081309     0
2010081315     0
2010081321     0
2010081403     0
2010081409     0
2010081415     0
2010081421     0
2010081503     0
2010081509     0
2010081515     0
2010081521     0
2010081603     0
2010081609     0
2010081615     0
2010081621     0
2010081703     0
2010081709     0
2010081715     0
2010081721     0
2010081803     0
2010081809     0
2010081815     0
2010081821     0
2010081903     0
2010081909     0
2010081915     0
2010081921     0
2010082003     0
2010082009     0
2010082015     0
2010082021     0
2010082103     0
2010082109     0
2010082115     0
2010082121     0
2010082203     0
2010082209    14
2010082215     0
2010082221     0
2010082303     0
2010082309     0
2010082315     0
2010082321     4
2010082403     0
2010082409     0
2010082415   115
2010082421     0
2010082503     0
2010082509     0
2010082515     0
2010082521     0
2010082603     0
2010082609     0
2010082615     0
2010082621     0
2010082703     0
2010082709     0
2010082715     0
2010082721     0
2010082803     1
2010082809    89
2010082815     8
2010082821    14
2010082903     0
2010082909     1
2010082915    12
2010082921     0
2010083003     0
2010083009     0
2010083015     0
2010083021     0
2010083103     0
2010083109     0
2010083115     0
2010083121     0
2010090103     0
2010090109     0
2010090115     0
2010090121     0
2010090203     0
2010090209     0
2010090215     0
2010090221     0
2010090303     0
2010090309     0
2010090315     0
2010090321     0
2010090403     0
2010090409     0
2010090415     0
2010090421     0
2010090503     0
2010090509     0
2010090515     0
2010090521     0
2010090603     0
2010090609     0
2010090615     0
2010090621     0
2010090703     0
2010090709     0
2010090715     0
2010090721     0
2010090803     0
2010090809     0
2010090815     0
2010090821     1
2010090903     0
2010090909     0
2010090915     0
2010090921     0
2010091003     0
2010091009     0
2010091015     0
2010091021     0
2010091103     0
2010091109     0
2010091115     0
2010091121     0
2010091203     0
2010091209     0
2010091215     0
2010091221     0
2010091303     0
2010091309     0
2010091315     0
2010091321     0
2010091403     0
2010091409     0
2010091415     0
2010091421     0
2010091503     0
2010091509     0
2010091515     0
2010091521    29
2010091603     0
2010091609     0
2010091615     0
2010091621     0
2010091703     0
2010091709     0
2010091715     0
2010091721     0
2010091803     0
2010091809     0
2010091815     0
2010091821     0
2010091903     0
2010091909     0
2010091915     0
2010091921     0
2010092003     0
2010092009     0
2010092015     0
2010092021     0
2010092103     0
2010092109     0
2010092115     0
2010092121     0
2010092203     0
2010092209     0
2010092215     0
2010092221     0
2010092303     0
2010092309     0
2010092315     9
2010092321    20
2010092403     0
2010092409     2
2010092415     0
2010092421     0
2010092503     0
2010092509     0
2010092515     0
2010092521     0
2010092603     1
2010092609     0
2010092615     0
2010092621     0
2010092703     0
2010092709     0
2010092715     0
2010092721     0
2010092803     0
2010092809     0
2010092815     0
2010092821     0
2010092903     0
2010092909     0
2010092915     0
2010092921     0
2010093003     0
2010093009     0
2010093015     0
2010093021     0
2010100103     0
2010100109     0
2010100115     0
2010100121     0
2010100203     0
2010100209     0
2010100215     0
2010100221     0
2010100303     0
2010100309     0
2010100315     0
2010100321     0
2010100403     0
2010100409     0
2010100415     0
2010100421     0
2010100503     0
2010100509     1
2010100515     0
2010100521     0
2010100603     0
2010100609     0
2010100615     0
2010100621     0
2010100703     0
2010100709     0
2010100715     0
2010100721     0
2010100803     0
2010100809     0
2010100815     0
2010100821     0
2010100903     0
2010100909     0
2010100915     0
2010100921     0
2010101003     0
2010101009     0
2010101015     0
2010101021     0
2010101103     0
2010101109     0
2010101115     0
2010101121     0
2010101203     0
2010101209     0
2010101215     0
2010101221     0
2010101303     0
2010101309     0
2010101315     0
2010101321     0
2010101403     0
2010101409     0
2010101415     0
2010101421     0
2010101503     0
2010101509     0
2010101515     0
2010101521     0
2010101603     0
2010101609     0
2010101615     0
2010101621     0
2010101703     0
2010101709     0
2010101715     0
2010101721     0
2010101803     0
2010101809     0
2010101815     0
2010101821     1
2010101903     0
2010101909     0
2010101915     0
2010101921     0
2010102003     0
2010102009     0
2010102015     0
2010102021     0
2010102103     1
2010102109     0
2010102115     0
2010102121     0
2010102203     0
2010102209     0
2010102215     0
2010102221     0
2010102303     0
2010102309     0
2010102315     0
2010102321     0
2010102403     0
2010102409     0
2010102415     0
2010102421     0
2010102503     0
2010102509     0
2010102515     0
2010102521     0
2010102603     0
2010102609     0
2010102615     0
2010102621     0
2010102703     0
2010102709     0
2010102715     0
2010102721     0
2010102803     0
2010102809     0
2010102815     0
2010102821     0
2010102903     0
2010102909     0
2010102915     0
2010102921     0
2010103003     0
2010103009     0
2010103015     0
2010103021     0
2010103103     0
2010103109     0
2010103115     0
2010103121     0
2010110103     0
2010110109     0
2010110115     0
2010110121     0
2010110203     0
2010110209     0
2010110215     0
2010110221     0
2010110303     0
2010110309     0
2010110315     0
2010110321     0
2010110403     0
2010110409     0
2010110415     0
2010110421     0
2010110503     0
2010110509     0
2010110515     0
2010110521     0
2010110603     0
2010110609     0
2010110615     0
2010110621     0
2010110703     1
2010110709     0
2010110715     0
2010110721     0
2010110803     0
2010110809     1
2010110815     0
2010110821     0
2010110903     0
2010110909     0
2010110915     0
2010110921     0
2010111003     0
2010111009     0
2010111015     0
2010111021     0
2010111103     0
2010111109     0
2010111115     0
2010111121     0
2010111203     0
2010111209     0
2010111215     0
2010111221     0
2010111303     0
2010111309     0
2010111315     0
2010111321     0
2010111403     0
2010111409     0
2010111415     0
2010111421     0
2010111503     0
2010111509     0
2010111515     0
2010111521     0
2010111603     0
2010111609     0
2010111615     0
2010111621     0
2010111703     0
2010111709     0
2010111715     0
2010111721     0
2010111803     0
2010111809     0
2010111815     0
2010111821     0
2010111903     0
2010111909     0
2010111915     0
2010111921     0
2010112003     0
2010112009     0
2010112015     0
2010112021     0
2010112103     0
2010112109     0
2010112115     0
2010112121     0
2010112203     0
2010112209     0
2010112215     0
2010112221     0
2010112303     0
2010112309     0
2010112315     0
2010112321     2
2010112403     0
2010112409     0
2010112415     0
2010112421     0
2010112503     0
2010112509     1
2010112515     1
2010112521     0
2010112603     0
2010112609     0
2010112615     0
2010112621     0
2010112703     0
2010112709     0
2010112715     9
2010112721     0
2010112803     0
2010112809     0
2010112815     0
2010112821     0
2010112903     0
2010112909     0
2010112915     0
2010112921     1
2010113003     0
2010113009     0
2010113015     0
2010113021     0
2010120103     0
2010120109     0
2010120115     0
2010120121     0
2010120203     0
2010120209     0
2010120215     0
2010120221     0
2010120303     0
2010120309     0
2010120315     0
2010120321     0
2010120403     0
2010120409     0
2010120415     0
2010120421     0
2010120503     0
2010120509     0
2010120515     0
2010120521     0
2010120603     0
2010120609     0
2010120615     0
2010120621     0
2010120703     0
2010120709     0
2010120715     0
2010120721     0
2010120803     0
2010120809     0
2010120815     0
2010120821     0
2010120903     0
2010120909     0
2010120915     0
2010120921     0
2010121003     0
2010121009     0
2010121015     0
2010121021     0
2010121103     0
2010121109     0
2010121115     0
2010121121     0
2010121203     0
2010121209     0
2010121215     0
2010121221     0
2010121303     0
2010121309     0
2010121315     0
2010121321     0
2010121403     0
2010121409     0
2010121415     0
2010121421     0
2010121503     0
2010121509     0
2010121515     0
2010121521     0
2010121603     0
2010121609     0
2010121615     0
2010121621     0
2010121703     0
2010121709     0
2010121715     0
2010121721     1
2010121803     0
2010121809     0
2010121815     0
2010121821     0
2010121903     0
2010121909     0
2010121915     0
2010121921     0
2010122003     0
2010122009     0
2010122015     0
2010122021     0
2010122103     0
2010122109     0
2010122115     0
2010122121     0
2010122203     0
2010122209     0
2010122215     0
2010122221     0
2010122303     0
2010122309     0
2010122315     0
2010122321     0
2010122403     0
2010122409     0
2010122415     0
2010122421     0
2010122503     0
2010122509     0
2010122515     0
2010122521     0
2010122603     0
2010122609     0
2010122615     0
2010122621     0
2010122703     0
2010122709     0
2010122715     0
2010122721     0
2010122803     0
2010122809     0
2010122815     0
2010122821     0
2010122903     0
2010122909     0
2010122915     0
2010122921     0
2010123003     0
2010123009     0
2010123015     0
2010123021     0
2010123103     0
2010123109     0
2010123115     0
2010123121     0
