2011010103 99999
2011010109 99999
2011010115 99999
2011010121 99999
2011010203 99999
2011010209 99999
2011010215 99999
2011010221 99999
2011010303 99999
2011010309 99999
2011010315 99999
2011010321 99999
2011010403 99999
2011010409 99999
2011010415 99999
2011010421 99999
2011010503 99999
2011010509 99999
2011010515 99999
2011010521 99999
2011010603 99999
2011010609 99999
2011010615 99999
2011010621 99999
2011010703 99999
2011010709 99999
2011010715 99999
2011010721 99999
2011010803 99999
2011010809 99999
2011010815 99999
2011010821 99999
2011010903 99999
2011010909 99999
2011010915 99999
2011010921 99999
2011011003 99999
2011011009 99999
2011011015 99999
2011011021 99999
2011011103 99999
2011011109 99999
2011011115 99999
2011011121 99999
2011011203 99999
2011011209 99999
2011011215 99999
2011011221 99999
2011011303 99999
2011011309 99999
2011011315 99999
2011011321 99999
2011011403 99999
2011011409 99999
2011011415 99999
2011011421 99999
2011011503 99999
2011011509 99999
2011011515 99999
2011011521 99999
2011011603 99999
2011011609 99999
2011011615 99999
2011011621 99999
2011011703 99999
2011011709 99999
2011011715 99999
2011011721 99999
2011011803 99999
2011011809 99999
2011011815 99999
2011011821 99999
2011011903 99999
2011011909 99999
2011011915 99999
2011011921 99999
2011012003 99999
2011012009 99999
2011012015 99999
2011012021 99999
2011012103 99999
2011012109 99999
2011012115 99999
2011012121 99999
2011012203 99999
2011012209 99999
2011012215 99999
2011012221 99999
2011012303 99999
2011012309 99999
2011012315 99999
2011012321 99999
2011012403 99999
2011012409 99999
2011012415 99999
2011012421 99999
2011012503 99999
2011012509 99999
2011012515 99999
2011012521 99999
2011012603 99999
2011012609 99999
2011012615 99999
2011012621 99999
2011012703 99999
2011012709 99999
2011012715 99999
2011012721 99999
2011012803 99999
2011012809 99999
2011012815 99999
2011012821 99999
2011012903 99999
2011012909 99999
2011012915 99999
2011012921 99999
2011013003 99999
2011013009 99999
2011013015 99999
2011013021 99999
2011013103 99999
2011013109 99999
2011013115 99999
2011013121 99999
2011020103 99999
2011020109 99999
2011020115 99999
2011020121 99999
2011020203 99999
2011020209 99999
2011020215 99999
2011020221 99999
2011020303 99999
2011020309 99999
2011020315 99999
2011020321 99999
2011020403 99999
2011020409 99999
2011020415 99999
2011020421 99999
2011020503 99999
2011020509 99999
2011020515 99999
2011020521 99999
2011020603 99999
2011020609 99999
2011020615 99999
2011020621 99999
2011020703 99999
2011020709 99999
2011020715 99999
2011020721 99999
2011020803 99999
2011020809 99999
2011020815 99999
2011020821 99999
2011020903 99999
2011020909 99999
2011020915 99999
2011020921 99999
2011021003 99999
2011021009 99999
2011021015 99999
2011021021 99999
2011021103 99999
2011021109 99999
2011021115 99999
2011021121 99999
2011021203 99999
2011021209 99999
2011021215 99999
2011021221 99999
2011021303 99999
2011021309 99999
2011021315 99999
2011021321 99999
2011021403 99999
2011021409 99999
2011021415 99999
2011021421 99999
2011021503 99999
2011021509 99999
2011021515 99999
2011021521 99999
2011021603 99999
2011021609 99999
2011021615 99999
2011021621 99999
2011021703 99999
2011021709 99999
2011021715 99999
2011021721 99999
2011021803 99999
2011021809 99999
2011021815 99999
2011021821 99999
2011021903 99999
2011021909 99999
2011021915 99999
2011021921 99999
2011022003 99999
2011022009 99999
2011022015 99999
2011022021 99999
2011022103 99999
2011022109 99999
2011022115 99999
2011022121 99999
2011022203 99999
2011022209 99999
2011022215 99999
2011022221 99999
2011022303 99999
2011022309 99999
2011022315 99999
2011022321 99999
2011022403 99999
2011022409 99999
2011022415 99999
2011022421 99999
2011022503 99999
2011022509 99999
2011022515 99999
2011022521 99999
2011022603 99999
2011022609 99999
2011022615 99999
2011022621 99999
2011022703 99999
2011022709 99999
2011022715 99999
2011022721 99999
2011022803 99999
2011022809 99999
2011022815 99999
2011022821 99999
2011030103 99999
2011030109 99999
2011030115 99999
2011030121 99999
2011030203 99999
2011030209 99999
2011030215 99999
2011030221 99999
2011030303 99999
2011030309 99999
2011030315 99999
2011030321 99999
2011030403 99999
2011030409 99999
2011030415 99999
2011030421 99999
2011030503 99999
2011030509 99999
2011030515 99999
2011030521 99999
2011030603 99999
2011030609 99999
2011030615 99999
2011030621 99999
2011030703 99999
2011030709 99999
2011030715 99999
2011030721 99999
2011030803 99999
2011030809 99999
2011030815 99999
2011030821 99999
2011030903 99999
2011030909 99999
2011030915 99999
2011030921 99999
2011031003 99999
2011031009 99999
2011031015 99999
2011031021 99999
2011031103 99999
2011031109 99999
2011031115 99999
2011031121 99999
2011031203 99999
2011031209 99999
2011031215 99999
2011031221 99999
2011031303 99999
2011031309 99999
2011031315 99999
2011031321 99999
2011031403 99999
2011031409 99999
2011031415 99999
2011031421 99999
2011031503 99999
2011031509 99999
2011031515 99999
2011031521 99999
2011031603 99999
2011031609 99999
2011031615 99999
2011031621 99999
2011031703 99999
2011031709 99999
2011031715 99999
2011031721 99999
2011031803 99999
2011031809 99999
2011031815 99999
2011031821 99999
2011031903 99999
2011031909 99999
2011031915 99999
2011031921 99999
2011032003 99999
2011032009 99999
2011032015 99999
2011032021 99999
2011032103 99999
2011032109 99999
2011032115 99999
2011032121 99999
2011032203 99999
2011032209 99999
2011032215 99999
2011032221 99999
2011032303 99999
2011032309 99999
2011032315 99999
2011032321 99999
2011032403 99999
2011032409 99999
2011032415 99999
2011032421 99999
2011032503 99999
2011032509 99999
2011032515 99999
2011032521 99999
2011032603 99999
2011032609 99999
2011032615 99999
2011032621 99999
2011032703 99999
2011032709 99999
2011032715 99999
2011032721 99999
2011032803 99999
2011032809 99999
2011032815 99999
2011032821 99999
2011032903 99999
2011032909 99999
2011032915 99999
2011032921 99999
2011033003 99999
2011033009 99999
2011033015 99999
2011033021 99999
2011033103 99999
2011033109 99999
2011033115 99999
2011033121 99999
2011040103 99999
2011040109 99999
2011040115 99999
2011040121 99999
2011040203 99999
2011040209 99999
2011040215 99999
2011040221     3
2011040303 99999
2011040309 99999
2011040315 99999
2011040321 99999
2011040403 99999
2011040409 99999
2011040415 99999
2011040421 99999
2011040503 99999
2011040509 99999
2011040515 99999
2011040521 99999
2011040603 99999
2011040609 99999
2011040615 99999
2011040621 99999
2011040703 99999
2011040709 99999
2011040715 99999
2011040721 99999
2011040803 99999
2011040809 99999
2011040815 99999
2011040821 99999
2011040903 99999
2011040909 99999
2011040915 99999
2011040921 99999
2011041003 99999
2011041009 99999
2011041015 99999
2011041021 99999
2011041103 99999
2011041109 99999
2011041115 99999
2011041121 99999
2011041203 99999
2011041209 99999
2011041215 99999
2011041221 99999
2011041303 99999
2011041309 99999
2011041315 99999
2011041321 99999
2011041403 99999
2011041409 99999
2011041415 99999
2011041421 99999
2011041503 99999
2011041509 99999
2011041515 99999
2011041521 99999
2011041603 99999
2011041609 99999
2011041615 99999
2011041621 99999
2011041703 99999
2011041709 99999
2011041715 99999
2011041721 99999
2011041803 99999
2011041809 99999
2011041815 99999
2011041821 99999
2011041903 99999
2011041909 99999
2011041915 99999
2011041921 99999
2011042003 99999
2011042009 99999
2011042015 99999
2011042021 99999
2011042103 99999
2011042109 99999
2011042115 99999
2011042121 99999
2011042203 99999
2011042209 99999
2011042215     7
2011042221     1
2011042303 99999
2011042309 99999
2011042315 99999
2011042321     4
2011042403     3
2011042409 99999
2011042415 99999
2011042421 99999
2011042503 99999
2011042509 99999
2011042515 99999
2011042521 99999
2011042603 99999
2011042609 99999
2011042615 99999
2011042621 99999
2011042703 99999
2011042709 99999
2011042715 99999
2011042721 99999
2011042803     2
2011042809 99999
2011042815     7
2011042821     3
2011042903 99999
2011042909 99999
2011042915     4
2011042921     7
2011043003 99999
2011043009 99999
2011043015 99999
2011043021 99999
2011050103 99999
2011050109 99999
2011050115 99999
2011050121 99999
2011050203 99999
2011050209 99999
2011050215 99999
2011050221 99999
2011050303 99999
2011050309 99999
2011050315 99999
2011050321 99999
2011050403 99999
2011050409 99999
2011050415 99999
2011050421 99999
2011050503 99999
2011050509 99999
2011050515 99999
2011050521 99999
2011050603 99999
2011050609 99999
2011050615 99999
2011050621 99999
2011050703 99999
2011050709 99999
2011050715 99999
2011050721 99999
2011050803 99999
2011050809 99999
2011050815 99999
2011050821 99999
2011050903 99999
2011050909 99999
2011050915 99999
2011050921 99999
2011051003     9
2011051009 99999
2011051015 99999
2011051021     1
2011051103 99999
2011051109 99999
2011051115 99999
2011051121 99999
2011051203 99999
2011051209 99999
2011051215 99999
2011051221 99999
2011051303 99999
2011051309 99999
2011051315 99999
2011051321 99999
2011051403 99999
2011051409 99999
2011051415 99999
2011051421     3
2011051503 99999
2011051509 99999
2011051515 99999
2011051521 99999
2011051603 99999
2011051609 99999
2011051615 99999
2011051621 99999
2011051703 99999
2011051709 99999
2011051715 99999
2011051721 99999
2011051803 99999
2011051809 99999
2011051815 99999
2011051821 99999
2011051903 99999
2011051909 99999
2011051915 99999
2011051921 99999
2011052003 99999
2011052009 99999
2011052015 99999
2011052021 99999
2011052103 99999
2011052109 99999
2011052115 99999
2011052121 99999
2011052203    12
2011052209 99999
2011052215 99999
2011052221 99999
2011052303 99999
2011052309 99999
2011052315 99999
2011052321 99999
2011052403 99999
2011052409 99999
2011052415 99999
2011052421 99999
2011052503 99999
2011052509 99999
2011052515 99999
2011052521 99999
2011052603 99999
2011052609 99999
2011052615 99999
2011052621 99999
2011052703 99999
2011052709 99999
2011052715 99999
2011052721 99999
2011052803 99999
2011052809 99999
2011052815 99999
2011052821 99999
2011052903 99999
2011052909 99999
2011052915 99999
2011052921 99999
2011053003 99999
2011053009 99999
2011053015 99999
2011053021 99999
2011053103 99999
2011053109 99999
2011053115 99999
2011053121 99999
2011060103 99999
2011060109 99999
2011060115 99999
2011060121 99999
2011060203 99999
2011060209 99999
2011060215 99999
2011060221 99999
2011060303 99999
2011060309 99999
2011060315 99999
2011060321 99999
2011060403 99999
2011060409 99999
2011060415 99999
2011060421 99999
2011060503 99999
2011060509 99999
2011060515 99999
2011060521 99999
2011060603 99999
2011060609     3
2011060615     5
2011060621 99999
2011060703 99999
2011060709 99999
2011060715 99999
2011060721 99999
2011060803 99999
2011060809 99999
2011060815 99999
2011060821 99999
2011060903 99999
2011060909 99999
2011060915 99999
2011060921 99999
2011061003 99999
2011061009 99999
2011061015    10
2011061021 99999
2011061103     6
2011061109 99999
2011061115 99999
2011061121 99999
2011061203 99999
2011061209 99999
2011061215 99999
2011061221 99999
2011061303 99999
2011061309 99999
2011061315 99999
2011061321 99999
2011061403 99999
2011061409 99999
2011061415 99999
2011061421 99999
2011061503 99999
2011061509 99999
2011061515 99999
2011061521 99999
2011061603 99999
2011061609 99999
2011061615    14
2011061621 99999
2011061703 99999
2011061709 99999
2011061715 99999
2011061721 99999
2011061803 99999
2011061809 99999
2011061815     3
2011061821    19
2011061903     1
2011061909 99999
2011061915 99999
2011061921 99999
2011062003 99999
2011062009 99999
2011062015 99999
2011062021 99999
2011062103 99999
2011062109 99999
2011062115 99999
2011062121 99999
2011062203 99999
2011062209 99999
2011062215     2
2011062221 99999
2011062303 99999
2011062309     2
2011062315     4
2011062321 99999
2011062403 99999
2011062409 99999
2011062415 99999
2011062421 99999
2011062503 99999
2011062509 99999
2011062515 99999
2011062521 99999
2011062603 99999
2011062609 99999
2011062615 99999
2011062621 99999
2011062703 99999
2011062709 99999
2011062715 99999
2011062721 99999
2011062803    21
2011062809   150
2011062815    32
2011062821    75
2011062903 99999
2011062909 99999
2011062915 99999
2011062921 99999
2011063003 99999
2011063009 99999
2011063015 99999
2011063021     3
2011070103    21
2011070109 99999
2011070115 99999
2011070121 99999
2011070203 99999
2011070209 99999
2011070215 99999
2011070221 99999
2011070303 99999
2011070309 99999
2011070315 99999
2011070321 99999
2011070403 99999
2011070409 99999
2011070415 99999
2011070421 99999
2011070503 99999
2011070509 99999
2011070515 99999
2011070521 99999
2011070603 99999
2011070609 99999
2011070615 99999
2011070621 99999
2011070703 99999
2011070709 99999
2011070715 99999
2011070721 99999
2011070803 99999
2011070809 99999
2011070815 99999
2011070821 99999
2011070903 99999
2011070909 99999
2011070915 99999
2011070921 99999
2011071003 99999
2011071009 99999
2011071015 99999
2011071021 99999
2011071103 99999
2011071109 99999
2011071115 99999
2011071121 99999
2011071203 99999
2011071209 99999
2011071215 99999
2011071221     4
2011071303 99999
2011071309 99999
2011071315 99999
2011071321 99999
2011071403 99999
2011071409 99999
2011071415 99999
2011071421 99999
2011071503 99999
2011071509 99999
2011071515 99999
2011071521 99999
2011071603 99999
2011071609 99999
2011071615 99999
2011071621 99999
2011071703 99999
2011071709 99999
2011071715     3
2011071721 99999
2011071803 99999
2011071809 99999
2011071815 99999
2011071821 99999
2011071903 99999
2011071909 99999
2011071915 99999
2011071921 99999
2011072003 99999
2011072009     4
2011072015     2
2011072021 99999
2011072103     5
2011072109     4
2011072115     8
2011072121 99999
2011072203 99999
2011072209 99999
2011072215 99999
2011072221 99999
2011072303 99999
2011072309 99999
2011072315 99999
2011072321 99999
2011072403 99999
2011072409 99999
2011072415 99999
2011072421 99999
2011072503 99999
2011072509 99999
2011072515 99999
2011072521 99999
2011072603 99999
2011072609 99999
2011072615 99999
2011072621 99999
2011072703 99999
2011072709 99999
2011072715 99999
2011072721 99999
2011072803 99999
2011072809 99999
2011072815     1
2011072821 99999
2011072903 99999
2011072909 99999
2011072915 99999
2011072921 99999
2011073003 99999
2011073009 99999
2011073015 99999
2011073021 99999
2011073103 99999
2011073109 99999
2011073115 99999
2011073121 99999
2011080103 99999
2011080109 99999
2011080115 99999
2011080121 99999
2011080203 99999
2011080209 99999
2011080215 99999
2011080221 99999
2011080303 99999
2011080309 99999
2011080315 99999
2011080321 99999
2011080403 99999
2011080409 99999
2011080415 99999
2011080421 99999
2011080503 99999
2011080509 99999
2011080515 99999
2011080521 99999
2011080603 99999
2011080609 99999
2011080615     1
2011080621 99999
2011080703 99999
2011080709 99999
2011080715 99999
2011080721     3
2011080803     2
2011080809 99999
2011080815 99999
2011080821     3
2011080903     6
2011080909 99999
2011080915 99999
2011080921 99999
2011081003 99999
2011081009 99999
2011081015 99999
2011081021 99999
2011081103 99999
2011081109 99999
2011081115 99999
2011081121 99999
2011081203 99999
2011081209 99999
2011081215 99999
2011081221 99999
2011081303 99999
2011081309 99999
2011081315 99999
2011081321 99999
2011081403 99999
2011081409 99999
2011081415 99999
2011081421 99999
2011081503 99999
2011081509 99999
2011081515 99999
2011081521 99999
2011081603 99999
2011081609 99999
2011081615 99999
2011081621 99999
2011081703 99999
2011081709 99999
2011081715 99999
2011081721 99999
2011081803 99999
2011081809 99999
2011081815    16
2011081821 99999
2011081903 99999
2011081909 99999
2011081915 99999
2011081921 99999
2011082003 99999
2011082009 99999
2011082015 99999
2011082021 99999
2011082103 99999
2011082109     3
2011082115 99999
2011082121 99999
2011082203 99999
2011082209 99999
2011082215 99999
2011082221 99999
2011082303     5
2011082309    11
2011082315 99999
2011082321 99999
2011082403 99999
2011082409 99999
2011082415 99999
2011082421 99999
2011082503 99999
2011082509 99999
2011082515 99999
2011082521 99999
2011082603    82
2011082609    66
2011082615 99999
2011082621 99999
2011082703 99999
2011082709    13
2011082715    12
2011082721    20
2011082803 99999
2011082809 99999
2011082815 99999
2011082821 99999
2011082903 99999
2011082909 99999
2011082915 99999
2011082921 99999
2011083003 99999
2011083009 99999
2011083015 99999
2011083021 99999
2011083103 99999
2011083109 99999
2011083115 99999
2011083121 99999
2011090103 99999
2011090109 99999
2011090115 99999
2011090121 99999
2011090203 99999
2011090209 99999
2011090215 99999
2011090221 99999
2011090303 99999
2011090309 99999
2011090315 99999
2011090321    52
2011090403 99999
2011090409 99999
2011090415 99999
2011090421 99999
2011090503 99999
2011090509     4
2011090515     1
2011090521 99999
2011090603 99999
2011090609 99999
2011090615 99999
2011090621 99999
2011090703 99999
2011090709 99999
2011090715 99999
2011090721 99999
2011090803 99999
2011090809 99999
2011090815 99999
2011090821 99999
2011090903 99999
2011090909 99999
2011090915 99999
2011090921 99999
2011091003 99999
2011091009 99999
2011091015     4
2011091021    85
2011091103 99999
2011091109 99999
2011091115 99999
2011091121 99999
2011091203 99999
2011091209 99999
2011091215 99999
2011091221 99999
2011091303 99999
2011091309 99999
2011091315 99999
2011091321 99999
2011091403 99999
2011091409 99999
2011091415 99999
2011091421 99999
2011091503 99999
2011091509 99999
2011091515 99999
2011091521 99999
2011091603 99999
2011091609 99999
2011091615     3
2011091621 99999
2011091703 99999
2011091709 99999
2011091715     3
2011091721     9
2011091803    32
2011091809     6
2011091815     4
2011091821     6
2011091903    15
2011091909 99999
2011091915 99999
2011091921 99999
2011092003 99999
2011092009 99999
2011092015 99999
2011092021 99999
2011092103 99999
2011092109 99999
2011092115 99999
2011092121 99999
2011092203 99999
2011092209 99999
2011092215 99999
2011092221 99999
2011092303 99999
2011092309 99999
2011092315 99999
2011092321 99999
2011092403 99999
2011092409 99999
2011092415 99999
2011092421 99999
2011092503 99999
2011092509 99999
2011092515 99999
2011092521 99999
2011092603 99999
2011092609 99999
2011092615 99999
2011092621 99999
2011092703 99999
2011092709 99999
2011092715 99999
2011092721 99999
2011092803 99999
2011092809 99999
2011092815 99999
2011092821 99999
2011092903 99999
2011092909 99999
2011092915 99999
2011092921 99999
2011093003 99999
2011093009 99999
2011093015 99999
2011093021 99999
2011100103 99999
2011100109 99999
2011100115 99999
2011100121 99999
2011100203 99999
2011100209 99999
2011100215 99999
2011100221 99999
2011100303 99999
2011100309 99999
2011100315 99999
2011100321 99999
2011100403 99999
2011100409 99999
2011100415 99999
2011100421 99999
2011100503 99999
2011100509 99999
2011100515 99999
2011100521 99999
2011100603 99999
2011100609 99999
2011100615 99999
2011100621    19
2011100703     9
2011100709 99999
2011100715 99999
2011100721 99999
2011100803 99999
2011100809 99999
2011100815 99999
2011100821 99999
2011100903 99999
2011100909 99999
2011100915 99999
2011100921 99999
2011101003 99999
2011101009 99999
2011101015 99999
2011101021 99999
2011101103 99999
2011101109 99999
2011101115 99999
2011101121 99999
2011101203 99999
2011101209 99999
2011101215 99999
2011101221 99999
2011101303 99999
2011101309 99999
2011101315 99999
2011101321 99999
2011101403 99999
2011101409 99999
2011101415 99999
2011101421 99999
2011101503 99999
2011101509 99999
2011101515 99999
2011101521 99999
2011101603 99999
2011101609 99999
2011101615 99999
2011101621 99999
2011101703 99999
2011101709 99999
2011101715 99999
2011101721 99999
2011101803 99999
2011101809 99999
2011101815 99999
2011101821 99999
2011101903 99999
2011101909     1
2011101915 99999
2011101921     4
2011102003 99999
2011102009 99999
2011102015 99999
2011102021 99999
2011102103 99999
2011102109 99999
2011102115 99999
2011102121 99999
2011102203 99999
2011102209 99999
2011102215 99999
2011102221 99999
2011102303 99999
2011102309 99999
2011102315 99999
2011102321 99999
2011102403 99999
2011102409 99999
2011102415 99999
2011102421 99999
2011102503 99999
2011102509 99999
2011102515 99999
2011102521 99999
2011102603 99999
2011102609 99999
2011102615 99999
2011102621 99999
2011102703 99999
2011102709 99999
2011102715 99999
2011102721 99999
2011102803 99999
2011102809 99999
2011102815 99999
2011102821 99999
2011102903 99999
2011102909 99999
2011102915 99999
2011102921 99999
2011103003 99999
2011103009 99999
2011103015 99999
2011103021 99999
2011103103 99999
2011103109 99999
2011103115 99999
2011103121 99999
2011110103 99999
2011110109 99999
2011110115 99999
2011110121 99999
2011110203 99999
2011110209 99999
2011110215 99999
2011110221 99999
2011110303 99999
2011110309 99999
2011110315 99999
2011110321 99999
2011110403 99999
2011110409 99999
2011110415 99999
2011110421 99999
2011110503 99999
2011110509 99999
2011110515 99999
2011110521 99999
2011110603 99999
2011110609 99999
2011110615 99999
2011110621 99999
2011110703 99999
2011110709 99999
2011110715 99999
2011110721 99999
2011110803 99999
2011110809 99999
2011110815 99999
2011110821 99999
2011110903 99999
2011110909 99999
2011110915 99999
2011110921 99999
2011111003 99999
2011111009 99999
2011111015 99999
2011111021 99999
2011111103 99999
2011111109 99999
2011111115 99999
2011111121 99999
2011111203 99999
2011111209 99999
2011111215 99999
2011111221 99999
2011111303 99999
2011111309 99999
2011111315 99999
2011111321 99999
2011111403 99999
2011111409 99999
2011111415 99999
2011111421 99999
2011111503 99999
2011111509 99999
2011111515 99999
2011111521 99999
2011111603 99999
2011111609 99999
2011111615 99999
2011111621 99999
2011111703 99999
2011111709 99999
2011111715 99999
2011111721 99999
2011111803 99999
2011111809 99999
2011111815 99999
2011111821 99999
2011111903 99999
2011111909 99999
2011111915 99999
2011111921 99999
2011112003 99999
2011112009 99999
2011112015 99999
2011112021 99999
2011112103 99999
2011112109 99999
2011112115 99999
2011112121 99999
2011112203 99999
2011112209 99999
2011112215 99999
2011112221 99999
2011112303 99999
2011112309 99999
2011112315 99999
2011112321 99999
2011112403 99999
2011112409 99999
2011112415 99999
2011112421 99999
2011112503 99999
2011112509 99999
2011112515 99999
2011112521 99999
2011112603 99999
2011112609 99999
2011112615 99999
2011112621 99999
2011112703 99999
2011112709 99999
2011112715 99999
2011112721 99999
2011112803 99999
2011112809 99999
2011112815 99999
2011112821 99999
2011112903 99999
2011112909 99999
2011112915 99999
2011112921 99999
2011113003 99999
2011113009 99999
2011113015 99999
2011113021 99999
2011120103 99999
2011120109 99999
2011120115 99999
2011120121 99999
2011120203 99999
2011120209 99999
2011120215 99999
2011120221 99999
2011120303 99999
2011120309 99999
2011120315 99999
2011120321 99999
2011120403 99999
2011120409 99999
2011120415 99999
2011120421     2
2011120503 99999
2011120509 99999
2011120515     4
2011120521 99999
2011120603    16
2011120609 99999
2011120615 99999
2011120621 99999
2011120703 99999
2011120709    13
2011120715 99999
2011120721 99999
2011120803 99999
2011120809 99999
2011120815 99999
2011120821 99999
2011120903 99999
2011120909 99999
2011120915 99999
2011120921 99999
2011121003 99999
2011121009 99999
2011121015 99999
2011121021 99999
2011121103 99999
2011121109 99999
2011121115 99999
2011121121 99999
2011121203 99999
2011121209 99999
2011121215 99999
2011121221 99999
2011121303 99999
2011121309 99999
2011121315 99999
2011121321 99999
2011121403 99999
2011121409 99999
2011121415     9
2011121421     3
2011121503 99999
2011121509 99999
2011121515 99999
2011121521 99999
2011121603 99999
2011121609 99999
2011121615 99999
2011121621     2
2011121703 99999
2011121709 99999
2011121715 99999
2011121721 99999
2011121803     2
2011121809     4
2011121815     1
2011121821     3
2011121903 99999
2011121909 99999
2011121915 99999
2011121921 99999
2011122003 99999
2011122009 99999
2011122015 99999
2011122021 99999
2011122103 99999
2011122109 99999
2011122115 99999
2011122121 99999
2011122203 99999
2011122209 99999
2011122215 99999
2011122221 99999
2011122303 99999
2011122309 99999
2011122315 99999
2011122321 99999
2011122403 99999
2011122409 99999
2011122415 99999
2011122421 99999
2011122503 99999
2011122509 99999
2011122515 99999
2011122521 99999
2011122603 99999
2011122609 99999
2011122615 99999
2011122621 99999
2011122703 99999
2011122709 99999
2011122715 99999
2011122721 99999
2011122803 99999
2011122809 99999
2011122815 99999
2011122821 99999
2011122903 99999
2011122909 99999
2011122915     4
2011122921     2
2011123003 99999
2011123009 99999
2011123015 99999
2011123021 99999
2011123103 99999
2011123109 99999
2011123115 99999
2011123121 99999
