2013010103     0
2013010109     0
2013010115     0
2013010121     0
2013010203     0
2013010209     0
2013010215     0
2013010221     0
2013010303     0
2013010309     0
2013010315     0
2013010321     0
2013010403     0
2013010409     0
2013010415     0
2013010421     0
2013010503     0
2013010509     0
2013010515     0
2013010521     0
2013010603     0
2013010609     0
2013010615     0
2013010621     0
2013010703     0
2013010709     0
2013010715     0
2013010721     0
2013010803     0
2013010809     0
2013010815     0
2013010821     0
2013010903     0
2013010909     0
2013010915     0
2013010921     0
2013011003     0
2013011009     0
2013011015     0
2013011021     0
2013011103     0
2013011109     0
2013011115     0
2013011121     0
2013011203     0
2013011209     0
2013011215     0
2013011221     0
2013011303     0
2013011309     0
2013011315     0
2013011321     0
2013011403     0
2013011409     0
2013011415     0
2013011421     0
2013011503     0
2013011509     0
2013011515     0
2013011521     0
2013011603     0
2013011609     0
2013011615     0
2013011621     0
2013011703     0
2013011709     0
2013011715     0
2013011721     0
2013011803     0
2013011809     0
2013011815     0
2013011821     0
2013011903     0
2013011909     0
2013011915     0
2013011921     0
2013012003     0
2013012009     0
2013012015     0
2013012021     0
2013012103     0
2013012109     0
2013012115     0
2013012121     0
2013012203     0
2013012209     0
2013012215     0
2013012221     0
2013012303     0
2013012309     0
2013012315     0
2013012321     0
2013012403     0
2013012409     0
2013012415     0
2013012421     0
2013012503     0
2013012509     0
2013012515     0
2013012521     0
2013012603     0
2013012609     0
2013012615     0
2013012621     0
2013012703     0
2013012709     0
2013012715     0
2013012721     0
2013012803     0
2013012809     0
2013012815     0
2013012821     0
2013012903     0
2013012909     0
2013012915     0
2013012921     0
2013013003     0
2013013009     0
2013013015     0
2013013021     0
2013013103     0
2013013109     0
2013013115     1
2013013121     0
2013020103     0
2013020109     0
2013020115     0
2013020121     0
2013020203     0
2013020209     0
2013020215     0
2013020221     0
2013020303     0
2013020309     0
2013020315     0
2013020321     0
2013020403     0
2013020409     0
2013020415     0
2013020421     0
2013020503    74
2013020509     0
2013020515     0
2013020521     0
2013020603     0
2013020609     0
2013020615     0
2013020621     0
2013020703     0
2013020709     1
2013020715     0
2013020721     0
2013020803     0
2013020809     0
2013020815     0
2013020821     0
2013020903     0
2013020909     0
2013020915     0
2013020921     0
2013021003     0
2013021009     0
2013021015     0
2013021021     0
2013021103     0
2013021109     0
2013021115     0
2013021121     0
2013021203     0
2013021209     0
2013021215     0
2013021221     0
2013021303     0
2013021309     0
2013021315     0
2013021321     0
2013021403     0
2013021409     0
2013021415     0
2013021421     0
2013021503     0
2013021509     0
2013021515     0
2013021521     0
2013021603     0
2013021609     0
2013021615     0
2013021621     0
2013021703     0
2013021709     0
2013021715     0
2013021721     0
2013021803     0
2013021809     0
2013021815     0
2013021821     0
2013021903     0
2013021909     0
2013021915     0
2013021921     0
2013022003     0
2013022009     0
2013022015     0
2013022021     0
2013022103     0
2013022109     0
2013022115     0
2013022121     0
2013022203     0
2013022209     0
2013022215     0
2013022221     0
2013022303     0
2013022309     0
2013022315     0
2013022321     0
2013022403     0
2013022409     0
2013022415     0
2013022421     0
2013022503     0
2013022509     0
2013022515     0
2013022521     0
2013022603     0
2013022609     0
2013022615     0
2013022621     0
2013022703     0
2013022709     0
2013022715     0
2013022721     0
2013022803     0
2013022809     0
2013022815     0
2013022821     0
2013030103     0
2013030109     0
2013030115     0
2013030121     0
2013030203     0
2013030209     0
2013030215     0
2013030221     0
2013030303     0
2013030309     0
2013030315     0
2013030321     0
2013030403     0
2013030409     0
2013030415     0
2013030421     0
2013030503     0
2013030509     0
2013030515     0
2013030521     0
2013030603     0
2013030609     0
2013030615     0
2013030621     0
2013030703     0
2013030709     0
2013030715     0
2013030721     0
2013030803     0
2013030809     0
2013030815     0
2013030821     0
2013030903     0
2013030909     0
2013030915     1
2013030921     0
2013031003     0
2013031009     0
2013031015     0
2013031021     0
2013031103     0
2013031109     0
2013031115     0
2013031121     0
2013031203     0
2013031209     0
2013031215     0
2013031221     0
2013031303     0
2013031309     0
2013031315     0
2013031321     0
2013031403     0
2013031409     0
2013031415     0
2013031421     0
2013031503     0
2013031509     0
2013031515     0
2013031521     0
2013031603     0
2013031609     0
2013031615     0
2013031621     0
2013031703     0
2013031709     0
2013031715     0
2013031721     0
2013031803     0
2013031809     0
2013031815     0
2013031821     0
2013031903     0
2013031909     0
2013031915     0
2013031921     0
2013032003     0
2013032009     0
2013032015     0
2013032021     0
2013032103     0
2013032109     0
2013032115     0
2013032121     0
2013032203     0
2013032209     0
2013032215     0
2013032221     0
2013032303     0
2013032309     0
2013032315     0
2013032321     0
2013032403     0
2013032409     0
2013032415     0
2013032421     0
2013032503     0
2013032509     0
2013032515     0
2013032521     0
2013032603     0
2013032609     0
2013032615     0
2013032621     0
2013032703     0
2013032709     0
2013032715     0
2013032721     0
2013032803     0
2013032809     0
2013032815     0
2013032821     0
2013032903     0
2013032909     0
2013032915     0
2013032921     0
2013033003     0
2013033009     0
2013033015     0
2013033021     0
2013033103     0
2013033109     0
2013033115     0
2013033121     0
2013040103     0
2013040109     0
2013040115     0
2013040121     0
2013040203     0
2013040209     0
2013040215     0
2013040221     0
2013040303     0
2013040309     0
2013040315     0
2013040321     0
2013040403     0
2013040409     0
2013040415     0
2013040421     0
2013040503     0
2013040509     0
2013040515     0
2013040521     0
2013040603     0
2013040609     0
2013040615     0
2013040621     0
2013040703     0
2013040709     0
2013040715     0
2013040721     0
2013040803     0
2013040809     0
2013040815     0
2013040821     0
2013040903     0
2013040909     0
2013040915     0
2013040921     0
2013041003     0
2013041009     0
2013041015     0
2013041021     0
2013041103     0
2013041109     0
2013041115     0
2013041121     0
2013041203     0
2013041209     0
2013041215    60
2013041221     0
2013041303     0
2013041309     0
2013041315     0
2013041321     0
2013041403     0
2013041409     0
2013041415     0
2013041421     0
2013041503     0
2013041509     0
2013041515     0
2013041521     0
2013041603     0
2013041609     0
2013041615     0
2013041621     0
2013041703     0
2013041709     0
2013041715     0
2013041721     0
2013041803     0
2013041809     0
2013041815     0
2013041821     0
2013041903     0
2013041909     0
2013041915     0
2013041921     0
2013042003     0
2013042009     0
2013042015     0
2013042021     0
2013042103     0
2013042109     0
2013042115     0
2013042121     0
2013042203     0
2013042209     0
2013042215     0
2013042221     0
2013042303     0
2013042309     0
2013042315     0
2013042321     0
2013042403     0
2013042409     0
2013042415     0
2013042421     0
2013042503     0
2013042509     0
2013042515     0
2013042521     0
2013042603     0
2013042609     0
2013042615     0
2013042621     0
2013042703     0
2013042709     0
2013042715     0
2013042721     0
2013042803     0
2013042809     0
2013042815     0
2013042821     0
2013042903     0
2013042909     0
2013042915     0
2013042921     0
2013043003     0
2013043009     0
2013043015     0
2013043021     0
2013050103     0
2013050109     0
2013050115     0
2013050121     0
2013050203     0
2013050209     0
2013050215     0
2013050221     0
2013050303     0
2013050309     0
2013050315     0
2013050321     0
2013050403     0
2013050409     0
2013050415     0
2013050421     0
2013050503     0
2013050509     0
2013050515     0
2013050521     0
2013050603     0
2013050609     0
2013050615     0
2013050621     0
2013050703     0
2013050709     0
2013050715    20
2013050721     0
2013050803     0
2013050809     0
2013050815    19
2013050821    26
2013050903     0
2013050909     0
2013050915     0
2013050921     0
2013051003     0
2013051009     0
2013051015     0
2013051021     0
2013051103     0
2013051109     0
2013051115     2
2013051121     0
2013051203     0
2013051209     0
2013051215     0
2013051221     0
2013051303     0
2013051309     0
2013051315     0
2013051321     0
2013051403     0
2013051409     0
2013051415     0
2013051421     0
2013051503     0
2013051509     0
2013051515     0
2013051521     0
2013051603     0
2013051609     0
2013051615     0
2013051621     0
2013051703     0
2013051709     0
2013051715     0
2013051721     0
2013051803     0
2013051809     0
2013051815     0
2013051821     0
2013051903     0
2013051909     0
2013051915     0
2013051921     0
2013052003     0
2013052009     0
2013052015     0
2013052021     0
2013052103     0
2013052109     0
2013052115     0
2013052121     0
2013052203     0
2013052209     0
2013052215     0
2013052221     0
2013052303     0
2013052309     0
2013052315     3
2013052321     0
2013052403     0
2013052409     0
2013052415     0
2013052421     0
2013052503     0
2013052509     0
2013052515     0
2013052521     0
2013052603     0
2013052609     0
2013052615     0
2013052621     0
2013052703     0
2013052709     0
2013052715     0
2013052721     0
2013052803     0
2013052809     0
2013052815     0
2013052821     0
2013052903     0
2013052909     0
2013052915     0
2013052921     0
2013053003     0
2013053009     0
2013053015     0
2013053021     0
2013053103     0
2013053109     0
2013053115     0
2013053121     0
2013060103     0
2013060109     0
2013060115     0
2013060121     0
2013060203     0
2013060209     0
2013060215     0
2013060221     0
2013060303     0
2013060309     0
2013060315     0
2013060321     0
2013060403     0
2013060409     0
2013060415     0
2013060421     0
2013060503     0
2013060509     0
2013060515     0
2013060521     0
2013060603     0
2013060609     0
2013060615     0
2013060621     0
2013060703     0
2013060709     0
2013060715     0
2013060721     0
2013060803     0
2013060809     0
2013060815     0
2013060821     0
2013060903     0
2013060909     0
2013060915     0
2013060921     0
2013061003     0
2013061009     0
2013061015     0
2013061021     0
2013061103     0
2013061109     0
2013061115     0
2013061121     0
2013061203     0
2013061209     0
2013061215     0
2013061221     0
2013061303     0
2013061309     0
2013061315     0
2013061321     0
2013061403     0
2013061409     0
2013061415     0
2013061421     0
2013061503     0
2013061509     0
2013061515     0
2013061521     0
2013061603     0
2013061609     0
2013061615     0
2013061621     0
2013061703     0
2013061709     0
2013061715     0
2013061721     0
2013061803     0
2013061809     0
2013061815     0
2013061821     0
2013061903     1
2013061909   164
2013061915     0
2013061921     1
2013062003     0
2013062009     2
2013062015    20
2013062021     9
2013062103     0
2013062109     0
2013062115     0
2013062121     0
2013062203     0
2013062209     0
2013062215     0
2013062221     0
2013062303     0
2013062309     0
2013062315     0
2013062321     0
2013062403     0
2013062409     0
2013062415     0
2013062421     0
2013062503     0
2013062509     0
2013062515     0
2013062521     0
2013062603     0
2013062609     0
2013062615     0
2013062621     0
2013062703     0
2013062709     0
2013062715     0
2013062721     0
2013062803     0
2013062809     0
2013062815     0
2013062821     0
2013062903     0
2013062909     0
2013062915     0
2013062921     0
2013063003     0
2013063009     0
2013063015     0
2013063021     0
2013070103     0
2013070109     0
2013070115     0
2013070121     0
2013070203     0
2013070209     0
2013070215     0
2013070221     0
2013070303     0
2013070309     0
2013070315     0
2013070321     0
2013070403     0
2013070409     0
2013070415     0
2013070421     0
2013070503     0
2013070509     0
2013070515     0
2013070521     0
2013070603     0
2013070609     0
2013070615     0
2013070621     0
2013070703     0
2013070709     0
2013070715     0
2013070721     0
2013070803     0
2013070809     0
2013070815     0
2013070821     0
2013070903     0
2013070909     0
2013070915     0
2013070921     0
2013071003     0
2013071009     0
2013071015     0
2013071021     0
2013071103     0
2013071109     0
2013071115     0
2013071121     0
2013071203     0
2013071209     0
2013071215     0
2013071221     0
2013071303     0
2013071309     0
2013071315     0
2013071321     0
2013071403     0
2013071409     0
2013071415     0
2013071421     0
2013071503     0
2013071509     0
2013071515     0
2013071521     0
2013071603     0
2013071609     0
2013071615     0
2013071621     0
2013071703     0
2013071709     0
2013071715     0
2013071721     0
2013071803     0
2013071809     0
2013071815     0
2013071821     0
2013071903     0
2013071909     0
2013071915     0
2013071921     0
2013072003     0
2013072009     0
2013072015     0
2013072021     0
2013072103     0
2013072109     0
2013072115     0
2013072121     0
2013072203     0
2013072209     0
2013072215    10
2013072221     0
2013072303     0
2013072309     0
2013072315   253
2013072321    84
2013072403     0
2013072409     1
2013072415     1
2013072421     0
2013072503     0
2013072509     1
2013072515     0
2013072521     6
2013072603     0
2013072609    93
2013072615     0
2013072621     0
2013072703     0
2013072709   575
2013072715     0
2013072721  2283
2013072803     0
2013072809     0
2013072815     0
2013072821     0
2013072903     0
2013072909     0
2013072915     0
2013072921     1
2013073003     0
2013073009     0
2013073015     0
2013073021     0
2013073103     0
2013073109     0
2013073115     0
2013073121     0
2013080103     0
2013080109     0
2013080115     0
2013080121     0
2013080203     0
2013080209     0
2013080215     0
2013080221     0
2013080303     0
2013080309     0
2013080315     0
2013080321     0
2013080403     0
2013080409     0
2013080415     0
2013080421     0
2013080503     0
2013080509     0
2013080515     9
2013080521   144
2013080603     0
2013080609     0
2013080615     0
2013080621     0
2013080703     0
2013080709     0
2013080715     0
2013080721     0
2013080803     0
2013080809     0
2013080815     0
2013080821     0
2013080903     0
2013080909     0
2013080915     0
2013080921     0
2013081003     0
2013081009     0
2013081015     0
2013081021     0
2013081103     0
2013081109     0
2013081115     2
2013081121     0
2013081203     0
2013081209     0
2013081215     0
2013081221    45
2013081303     8
2013081309     0
2013081315     0
2013081321     0
2013081403     0
2013081409     0
2013081415     0
2013081421     0
2013081503     0
2013081509     0
2013081515     0
2013081521     0
2013081603     0
2013081609     0
2013081615     0
2013081621     0
2013081703     0
2013081709     0
2013081715     0
2013081721     0
2013081803     0
2013081809     0
2013081815     0
2013081821     0
2013081903     4
2013081909   218
2013081915     1
2013081921     0
2013082003     0
2013082009     0
2013082015     0
2013082021     0
2013082103     0
2013082109     0
2013082115     0
2013082121     0
2013082203     0
2013082209     0
2013082215     0
2013082221     0
2013082303     0
2013082309     0
2013082315     0
2013082321     0
2013082403     0
2013082409     0
2013082415     0
2013082421     0
2013082503     0
2013082509     0
2013082515     0
2013082521    56
2013082603     0
2013082609     0
2013082615     0
2013082621     0
2013082703     0
2013082709     0
2013082715     0
2013082721     0
2013082803     0
2013082809     0
2013082815     0
2013082821     0
2013082903     0
2013082909     0
2013082915     0
2013082921     0
2013083003     0
2013083009     0
2013083015     0
2013083021     0
2013083103     0
2013083109     0
2013083115     0
2013083121     0
2013090103     0
2013090109     0
2013090115     0
2013090121     0
2013090203     0
2013090209     0
2013090215     0
2013090221     0
2013090303     0
2013090309     0
2013090315     0
2013090321     0
2013090403     0
2013090409     0
2013090415     0
2013090421     0
2013090503     0
2013090509     0
2013090515     0
2013090521     0
2013090603     1
2013090609     0
2013090615    36
2013090621     0
2013090703     0
2013090709     0
2013090715     0
2013090721     0
2013090803     0
2013090809     0
2013090815     0
2013090821     5
2013090903     0
2013090909     0
2013090915     0
2013090921     0
2013091003     2
2013091009    13
2013091015     0
2013091021     0
2013091103     0
2013091109     1
2013091115    10
2013091121     0
2013091203     0
2013091209     0
2013091215     0
2013091221     0
2013091303     0
2013091309     0
2013091315     0
2013091321     0
2013091403     0
2013091409     0
2013091415     0
2013091421     0
2013091503     0
2013091509     0
2013091515     0
2013091521     0
2013091603     0
2013091609     5
2013091615    74
2013091621     0
2013091703     0
2013091709     0
2013091715     0
2013091721     0
2013091803     0
2013091809     0
2013091815     0
2013091821     0
2013091903     0
2013091909     0
2013091915     0
2013091921     0
2013092003     0
2013092009     0
2013092015     0
2013092021     0
2013092103     0
2013092109     0
2013092115     0
2013092121     0
2013092203     0
2013092209     0
2013092215     0
2013092221     0
2013092303     0
2013092309     0
2013092315     0
2013092321     0
2013092403     0
2013092409     0
2013092415     0
2013092421     0
2013092503     0
2013092509     0
2013092515     0
2013092521     0
2013092603     0
2013092609     0
2013092615     0
2013092621     0
2013092703     0
2013092709     0
2013092715     0
2013092721     0
2013092803     0
2013092809     0
2013092815     0
2013092821     0
2013092903     0
2013092909     0
2013092915     0
2013092921     0
2013093003     0
2013093009     0
2013093015     0
2013093021     0
2013100103     0
2013100109     0
2013100115     0
2013100121     0
2013100203     0
2013100209     0
2013100215     0
2013100221     0
2013100303     0
2013100309     0
2013100315     0
2013100321     4
2013100403   104
2013100409     0
2013100415     0
2013100421     0
2013100503     0
2013100509     0
2013100515     0
2013100521     0
2013100603     0
2013100609     0
2013100615     0
2013100621     0
2013100703     0
2013100709     0
2013100715     0
2013100721     0
2013100803     0
2013100809     0
2013100815     0
2013100821     0
2013100903     0
2013100909     0
2013100915     0
2013100921     0
2013101003     2
2013101009     0
2013101015     0
2013101021     0
2013101103     0
2013101109     0
2013101115     0
2013101121     0
2013101203     0
2013101209     0
2013101215     0
2013101221     0
2013101303     0
2013101309     3
2013101315     0
2013101321     0
2013101403     0
2013101409     0
2013101415     0
2013101421     0
2013101503     0
2013101509     0
2013101515     0
2013101521     0
2013101603     0
2013101609     0
2013101615     0
2013101621     0
2013101703     0
2013101709     0
2013101715     0
2013101721     0
2013101803     0
2013101809     0
2013101815     0
2013101821     0
2013101903     0
2013101909     0
2013101915     0
2013101921     0
2013102003     0
2013102009     0
2013102015    54
2013102021     6
2013102103     0
2013102109     0
2013102115     0
2013102121     0
2013102203     0
2013102209     0
2013102215     0
2013102221   134
2013102303     0
2013102309     0
2013102315     0
2013102321     0
2013102403     0
2013102409     0
2013102415     0
2013102421     0
2013102503     0
2013102509     0
2013102515     0
2013102521     0
2013102603     0
2013102609     0
2013102615     0
2013102621     0
2013102703     0
2013102709     0
2013102715     0
2013102721     0
2013102803     0
2013102809     0
2013102815     0
2013102821     1
2013102903     0
2013102909     0
2013102915     8
2013102921     0
2013103003     0
2013103009     0
2013103015     0
2013103021     0
2013103103     0
2013103109     0
2013103115     0
2013103121     0
2013110103     0
2013110109     0
2013110115     0
2013110121     0
2013110203     0
2013110209     0
2013110215     0
2013110221     0
2013110303    12
2013110309    21
2013110315   177
2013110321     2
2013110403     0
2013110409     0
2013110415     0
2013110421     0
2013110503     0
2013110509     0
2013110515     0
2013110521     0
2013110603     0
2013110609     0
2013110615     0
2013110621     0
2013110703     0
2013110709     0
2013110715     0
2013110721     0
2013110803     0
2013110809     0
2013110815     0
2013110821     0
2013110903     0
2013110909     0
2013110915     1
2013110921     0
2013111003     0
2013111009     1
2013111015     0
2013111021     0
2013111103     0
2013111109     0
2013111115     0
2013111121     0
2013111203     0
2013111209     0
2013111215     0
2013111221     0
2013111303     0
2013111309     0
2013111315     0
2013111321     0
2013111403     0
2013111409     0
2013111415     0
2013111421     0
2013111503     0
2013111509     0
2013111515     0
2013111521     0
2013111603     0
2013111609     0
2013111615     0
2013111621     0
2013111703     0
2013111709     0
2013111715     0
2013111721     0
2013111803     0
2013111809     0
2013111815     0
2013111821     0
2013111903     0
2013111909     0
2013111915     0
2013111921     0
2013112003     0
2013112009     0
2013112015     0
2013112021     0
2013112103     0
2013112109     0
2013112115     0
2013112121     0
2013112203     0
2013112209     0
2013112215     0
2013112221     0
2013112303     0
2013112309     0
2013112315     0
2013112321     0
2013112403     0
2013112409     0
2013112415     0
2013112421     0
2013112503     0
2013112509     0
2013112515     0
2013112521     0
2013112603     0
2013112609     0
2013112615     0
2013112621     0
2013112703     0
2013112709     0
2013112715     0
2013112721     0
2013112803     0
2013112809     0
2013112815     0
2013112821     0
2013112903     0
2013112909     0
2013112915     0
2013112921     0
2013113003     0
2013113009     0
2013113015     0
2013113021     0
2013120103     0
2013120109     0
2013120115     0
2013120121     0
2013120203     0
2013120209     0
2013120215     0
2013120221     0
2013120303     0
2013120309     0
2013120315     0
2013120321     0
2013120403     0
2013120409     0
2013120415     0
2013120421     0
2013120503     0
2013120509     0
2013120515   118
2013120521     0
2013120603     0
2013120609     0
2013120615     0
2013120621     0
2013120703     0
2013120709     0
2013120715     0
2013120721     0
2013120803     0
2013120809     0
2013120815     0
2013120821     0
2013120903     0
2013120909     0
2013120915     0
2013120921     0
2013121003     0
2013121009     0
2013121015     0
2013121021     0
2013121103     0
2013121109     0
2013121115     0
2013121121     0
2013121203     0
2013121209     0
2013121215     0
2013121221     0
2013121303     0
2013121309     0
2013121315     0
2013121321     0
2013121403     0
2013121409     0
2013121415     0
2013121421     0
2013121503     0
2013121509     0
2013121515     0
2013121521     0
2013121603     0
2013121609     0
2013121615     0
2013121621     0
2013121703     0
2013121709     0
2013121715     0
2013121721     0
2013121803     0
2013121809     0
2013121815     0
2013121821     0
2013121903     0
2013121909     0
2013121915     0
2013121921     0
2013122003     0
2013122009     0
2013122015     0
2013122021     0
2013122103     0
2013122109     0
2013122115     0
2013122121     0
2013122203     0
2013122209     0
2013122215     0
2013122221     0
2013122303     0
2013122309     0
2013122315     0
2013122321     0
2013122403     0
2013122409     0
2013122415     0
2013122421     0
2013122503     0
2013122509     0
2013122515     0
2013122521     0
2013122603     0
2013122609     0
2013122615     0
2013122621     0
2013122703     0
2013122709     0
2013122715     0
2013122721     0
2013122803     0
2013122809     0
2013122815     0
2013122821     0
2013122903     0
2013122909     0
2013122915     0
2013122921     0
2013123003     0
2013123009     0
2013123015     0
2013123021     0
2013123103     0
2013123109     0
2013123115     0
2013123121     0
