2013010100 99999
2013010106 99999
2013010112 99999
2013010118 99999
2013010200 99999
2013010206 99999
2013010212 99999
2013010218 99999
2013010300 99999
2013010306 99999
2013010312 99999
2013010318 99999
2013010400 99999
2013010406 99999
2013010412 99999
2013010418 99999
2013010500 99999
2013010506 99999
2013010512 99999
2013010518 99999
2013010600 99999
2013010606 99999
2013010612 99999
2013010618 99999
2013010700 99999
2013010706 99999
2013010712 99999
2013010718 99999
2013010800 99999
2013010806 99999
2013010812 99999
2013010818 99999
2013010900 99999
2013010906 99999
2013010912 99999
2013010918 99999
2013011000 99999
2013011006 99999
2013011012 99999
2013011018 99999
2013011100 99999
2013011106 99999
2013011112 99999
2013011118 99999
2013011200 99999
2013011206 99999
2013011212 99999
2013011218 99999
2013011300 99999
2013011306 99999
2013011312 99999
2013011318 99999
2013011400 99999
2013011406 99999
2013011412 99999
2013011418 99999
2013011500 99999
2013011506 99999
2013011512 99999
2013011518 99999
2013011600 99999
2013011606 99999
2013011612 99999
2013011618 99999
2013011700 99999
2013011706 99999
2013011712 99999
2013011718 99999
2013011800 99999
2013011806 99999
2013011812 99999
2013011818 99999
2013011900 99999
2013011906 99999
2013011912 99999
2013011918 99999
2013012000 99999
2013012006 99999
2013012012 99999
2013012018 99999
2013012100 99999
2013012106 99999
2013012112 99999
2013012118 99999
2013012200 99999
2013012206 99999
2013012212 99999
2013012218 99999
2013012300 99999
2013012306 99999
2013012312 99999
2013012318 99999
2013012400 99999
2013012406 99999
2013012412 99999
2013012418 99999
2013012500 99999
2013012506 99999
2013012512 99999
2013012518 99999
2013012600 99999
2013012606 99999
2013012612 99999
2013012618 99999
2013012700 99999
2013012706 99999
2013012712 99999
2013012718 99999
2013012800 99999
2013012806 99999
2013012812 99999
2013012818 99999
2013012900 99999
2013012906 99999
2013012912 99999
2013012918 99999
2013013000 99999
2013013006 99999
2013013012 99999
2013013018 99999
2013013100 99999
2013013106 99999
2013013112 99999
2013013118 99999
2013020100 99999
2013020106 99999
2013020112 99999
2013020118 99999
2013020200 99999
2013020206 99999
2013020212 99999
2013020218 99999
2013020300 99999
2013020306 99999
2013020312 99999
2013020318 99999
2013020400 99999
2013020406 99999
2013020412 99999
2013020418 99999
2013020500     4
2013020506    28
2013020512     7
2013020518     2
2013020600 99999
2013020606 99999
2013020612 99999
2013020618 99999
2013020700 99999
2013020706 99999
2013020712 99999
2013020718 99999
2013020800 99999
2013020806 99999
2013020812 99999
2013020818 99999
2013020900 99999
2013020906 99999
2013020912 99999
2013020918 99999
2013021000 99999
2013021006 99999
2013021012 99999
2013021018 99999
2013021100 99999
2013021106 99999
2013021112 99999
2013021118 99999
2013021200 99999
2013021206 99999
2013021212 99999
2013021218 99999
2013021300 99999
2013021306 99999
2013021312 99999
2013021318 99999
2013021400 99999
2013021406 99999
2013021412 99999
2013021418 99999
2013021500 99999
2013021506 99999
2013021512 99999
2013021518 99999
2013021600 99999
2013021606 99999
2013021612 99999
2013021618 99999
2013021700 99999
2013021706 99999
2013021712 99999
2013021718 99999
2013021800 99999
2013021806 99999
2013021812 99999
2013021818 99999
2013021900 99999
2013021906 99999
2013021912 99999
2013021918 99999
2013022000 99999
2013022006 99999
2013022012 99999
2013022018 99999
2013022100 99999
2013022106 99999
2013022112 99999
2013022118 99999
2013022200 99999
2013022206 99999
2013022212 99999
2013022218 99999
2013022300 99999
2013022306 99999
2013022312 99999
2013022318 99999
2013022400 99999
2013022406 99999
2013022412 99999
2013022418 99999
2013022500 99999
2013022506 99999
2013022512 99999
2013022518 99999
2013022600 99999
2013022606 99999
2013022612 99999
2013022618 99999
2013022700 99999
2013022706 99999
2013022712 99999
2013022718 99999
2013022800 99999
2013022806 99999
2013022812 99999
2013022818 99999
2013030100 99999
2013030106 99999
2013030112 99999
2013030118 99999
2013030200 99999
2013030206 99999
2013030212 99999
2013030218 99999
2013030300 99999
2013030306 99999
2013030312 99999
2013030318 99999
2013030400 99999
2013030406 99999
2013030412 99999
2013030418 99999
2013030500 99999
2013030506 99999
2013030512 99999
2013030518 99999
2013030600 99999
2013030606 99999
2013030612 99999
2013030618 99999
2013030700 99999
2013030706 99999
2013030712 99999
2013030718 99999
2013030800 99999
2013030806 99999
2013030812 99999
2013030818 99999
2013030900 99999
2013030906 99999
2013030912 99999
2013030918 99999
2013031000 99999
2013031006 99999
2013031012 99999
2013031018 99999
2013031100 99999
2013031106 99999
2013031112 99999
2013031118 99999
2013031200 99999
2013031206 99999
2013031212 99999
2013031218 99999
2013031300 99999
2013031306 99999
2013031312 99999
2013031318 99999
2013031400 99999
2013031406 99999
2013031412 99999
2013031418 99999
2013031500 99999
2013031506 99999
2013031512 99999
2013031518 99999
2013031600 99999
2013031606 99999
2013031612 99999
2013031618 99999
2013031700 99999
2013031706 99999
2013031712 99999
2013031718 99999
2013031800 99999
2013031806 99999
2013031812 99999
2013031818 99999
2013031900 99999
2013031906 99999
2013031912 99999
2013031918 99999
2013032000 99999
2013032006 99999
2013032012 99999
2013032018 99999
2013032100 99999
2013032106 99999
2013032112 99999
2013032118 99999
2013032200 99999
2013032206 99999
2013032212 99999
2013032218 99999
2013032300 99999
2013032306 99999
2013032312 99999
2013032318 99999
2013032400 99999
2013032406 99999
2013032412 99999
2013032418 99999
2013032500 99999
2013032506 99999
2013032512 99999
2013032518 99999
2013032600 99999
2013032606 99999
2013032612 99999
2013032618 99999
2013032700 99999
2013032706 99999
2013032712 99999
2013032718 99999
2013032800 99999
2013032806 99999
2013032812 99999
2013032818 99999
2013032900 99999
2013032906 99999
2013032912 99999
2013032918 99999
2013033000 99999
2013033006 99999
2013033012 99999
2013033018 99999
2013033100 99999
2013033106 99999
2013033112 99999
2013033118 99999
2013040100 99999
2013040106 99999
2013040112 99999
2013040118 99999
2013040200 99999
2013040206 99999
2013040212 99999
2013040218 99999
2013040300 99999
2013040306 99999
2013040312 99999
2013040318 99999
2013040400 99999
2013040406 99999
2013040412 99999
2013040418 99999
2013040500 99999
2013040506 99999
2013040512 99999
2013040518 99999
2013040600 99999
2013040606 99999
2013040612 99999
2013040618 99999
2013040700 99999
2013040706 99999
2013040712 99999
2013040718 99999
2013040800 99999
2013040806 99999
2013040812 99999
2013040818 99999
2013040900 99999
2013040906 99999
2013040912 99999
2013040918 99999
2013041000 99999
2013041006 99999
2013041012 99999
2013041018 99999
2013041100 99999
2013041106 99999
2013041112 99999
2013041118 99999
2013041200 99999
2013041206 99999
2013041212    13
2013041218     9
2013041300 99999
2013041306 99999
2013041312 99999
2013041318 99999
2013041400 99999
2013041406 99999
2013041412 99999
2013041418 99999
2013041500 99999
2013041506 99999
2013041512 99999
2013041518 99999
2013041600 99999
2013041606 99999
2013041612 99999
2013041618 99999
2013041700 99999
2013041706 99999
2013041712 99999
2013041718 99999
2013041800 99999
2013041806 99999
2013041812 99999
2013041818 99999
2013041900 99999
2013041906 99999
2013041912 99999
2013041918 99999
2013042000 99999
2013042006 99999
2013042012 99999
2013042018 99999
2013042100 99999
2013042106 99999
2013042112 99999
2013042118 99999
2013042200 99999
2013042206 99999
2013042212 99999
2013042218 99999
2013042300 99999
2013042306 99999
2013042312 99999
2013042318 99999
2013042400 99999
2013042406 99999
2013042412 99999
2013042418 99999
2013042500 99999
2013042506 99999
2013042512 99999
2013042518 99999
2013042600 99999
2013042606 99999
2013042612 99999
2013042618 99999
2013042700 99999
2013042706 99999
2013042712 99999
2013042718 99999
2013042800 99999
2013042806 99999
2013042812 99999
2013042818 99999
2013042900 99999
2013042906 99999
2013042912 99999
2013042918 99999
2013043000 99999
2013043006 99999
2013043012 99999
2013043018 99999
2013050100 99999
2013050106 99999
2013050112 99999
2013050118 99999
2013050200 99999
2013050206 99999
2013050212 99999
2013050218 99999
2013050300 99999
2013050306 99999
2013050312 99999
2013050318 99999
2013050400 99999
2013050406 99999
2013050412 99999
2013050418 99999
2013050500 99999
2013050506 99999
2013050512 99999
2013050518 99999
2013050600 99999
2013050606 99999
2013050612 99999
2013050618 99999
2013050700 99999
2013050706 99999
2013050712 99999
2013050718 99999
2013050800 99999
2013050806 99999
2013050812 99999
2013050818     9
2013050900     8
2013050906 99999
2013050912 99999
2013050918 99999
2013051000 99999
2013051006 99999
2013051012 99999
2013051018 99999
2013051100 99999
2013051106 99999
2013051112 99999
2013051118 99999
2013051200 99999
2013051206 99999
2013051212 99999
2013051218 99999
2013051300 99999
2013051306 99999
2013051312 99999
2013051318     8
2013051400     9
2013051406 99999
2013051412 99999
2013051418 99999
2013051500 99999
2013051506 99999
2013051512 99999
2013051518 99999
2013051600 99999
2013051606 99999
2013051612 99999
2013051618     8
2013051700 99999
2013051706 99999
2013051712 99999
2013051718     6
2013051800    25
2013051806 99999
2013051812 99999
2013051818 99999
2013051900 99999
2013051906 99999
2013051912 99999
2013051918 99999
2013052000 99999
2013052006 99999
2013052012 99999
2013052018 99999
2013052100 99999
2013052106 99999
2013052112 99999
2013052118 99999
2013052200 99999
2013052206 99999
2013052212 99999
2013052218 99999
2013052300 99999
2013052306 99999
2013052312 99999
2013052318 99999
2013052400 99999
2013052406 99999
2013052412 99999
2013052418    13
2013052500 99999
2013052506 99999
2013052512 99999
2013052518 99999
2013052600 99999
2013052606 99999
2013052612 99999
2013052618 99999
2013052700 99999
2013052706 99999
2013052712 99999
2013052718 99999
2013052800 99999
2013052806 99999
2013052812 99999
2013052818 99999
2013052900 99999
2013052906 99999
2013052912 99999
2013052918     1
2013053000 99999
2013053006 99999
2013053012 99999
2013053018 99999
2013053100 99999
2013053106 99999
2013053112 99999
2013053118 99999
2013060100 99999
2013060106 99999
2013060112 99999
2013060118 99999
2013060200 99999
2013060206 99999
2013060212 99999
2013060218 99999
2013060300 99999
2013060306 99999
2013060312 99999
2013060318 99999
2013060400 99999
2013060406 99999
2013060412 99999
2013060418 99999
2013060500 99999
2013060506 99999
2013060512 99999
2013060518 99999
2013060600 99999
2013060606 99999
2013060612 99999
2013060618 99999
2013060700 99999
2013060706 99999
2013060712 99999
2013060718 99999
2013060800 99999
2013060806 99999
2013060812 99999
2013060818 99999
2013060900 99999
2013060906 99999
2013060912 99999
2013060918 99999
2013061000 99999
2013061006 99999
2013061012 99999
2013061018 99999
2013061100 99999
2013061106 99999
2013061112 99999
2013061118 99999
2013061200 99999
2013061206 99999
2013061212 99999
2013061218 99999
2013061300 99999
2013061306 99999
2013061312 99999
2013061318 99999
2013061400 99999
2013061406 99999
2013061412 99999
2013061418 99999
2013061500 99999
2013061506 99999
2013061512     3
2013061518 99999
2013061600 99999
2013061606 99999
2013061612 99999
2013061618 99999
2013061700 99999
2013061706 99999
2013061712 99999
2013061718 99999
2013061800 99999
2013061806 99999
2013061812 99999
2013061818 99999
2013061900 99999
2013061906 99999
2013061912    83
2013061918    46
2013062000 99999
2013062006 99999
2013062012    38
2013062018    18
2013062100 99999
2013062106     4
2013062112 99999
2013062118 99999
2013062200 99999
2013062206 99999
2013062212 99999
2013062218 99999
2013062300 99999
2013062306 99999
2013062312 99999
2013062318     3
2013062400 99999
2013062406 99999
2013062412 99999
2013062418 99999
2013062500 99999
2013062506 99999
2013062512 99999
2013062518 99999
2013062600 99999
2013062606 99999
2013062612 99999
2013062618 99999
2013062700 99999
2013062706 99999
2013062712 99999
2013062718 99999
2013062800 99999
2013062806 99999
2013062812 99999
2013062818 99999
2013062900 99999
2013062906 99999
2013062912 99999
2013062918 99999
2013063000 99999
2013063006 99999
2013063012 99999
2013063018 99999
2013070100 99999
2013070106 99999
2013070112 99999
2013070118 99999
2013070200 99999
2013070206 99999
2013070212 99999
2013070218 99999
2013070300 99999
2013070306 99999
2013070312 99999
2013070318 99999
2013070400 99999
2013070406 99999
2013070412 99999
2013070418 99999
2013070500 99999
2013070506 99999
2013070512 99999
2013070518 99999
2013070600 99999
2013070606 99999
2013070612 99999
2013070618 99999
2013070700 99999
2013070706 99999
2013070712 99999
2013070718 99999
2013070800 99999
2013070806 99999
2013070812 99999
2013070818 99999
2013070900 99999
2013070906 99999
2013070912 99999
2013070918 99999
2013071000 99999
2013071006 99999
2013071012 99999
2013071018 99999
2013071100 99999
2013071106 99999
2013071112 99999
2013071118 99999
2013071200 99999
2013071206 99999
2013071212 99999
2013071218 99999
2013071300 99999
2013071306 99999
2013071312 99999
2013071318 99999
2013071400 99999
2013071406 99999
2013071412 99999
2013071418 99999
2013071500 99999
2013071506 99999
2013071512 99999
2013071518 99999
2013071600 99999
2013071606 99999
2013071612 99999
2013071618 99999
2013071700 99999
2013071706 99999
2013071712 99999
2013071718 99999
2013071800 99999
2013071806 99999
2013071812 99999
2013071818 99999
2013071900 99999
2013071906 99999
2013071912 99999
2013071918 99999
2013072000 99999
2013072006 99999
2013072012 99999
2013072018 99999
2013072100 99999
2013072106 99999
2013072112 99999
2013072118 99999
2013072200 99999
2013072206 99999
2013072212 99999
2013072218 99999
2013072300 99999
2013072306 99999
2013072312 99999
2013072318 99999
2013072400 99999
2013072406     5
2013072412    11
2013072418    16
2013072500 99999
2013072506 99999
2013072512 99999
2013072518    22
2013072600 99999
2013072606 99999
2013072612    45
2013072618     8
2013072700 99999
2013072706 99999
2013072712    24
2013072718 99999
2013072800    64
2013072806 99999
2013072812 99999
2013072818 99999
2013072900 99999
2013072906 99999
2013072912    22
2013072918 99999
2013073000 99999
2013073006 99999
2013073012     3
2013073018 99999
2013073100 99999
2013073106 99999
2013073112 99999
2013073118 99999
2013080100 99999
2013080106 99999
2013080112 99999
2013080118 99999
2013080200 99999
2013080206 99999
2013080212 99999
2013080218 99999
2013080300 99999
2013080306 99999
2013080312 99999
2013080318 99999
2013080400 99999
2013080406 99999
2013080412 99999
2013080418 99999
2013080500 99999
2013080506 99999
2013080512 99999
2013080518   115
2013080600   242
2013080606 99999
2013080612 99999
2013080618 99999
2013080700 99999
2013080706 99999
2013080712 99999
2013080718 99999
2013080800 99999
2013080806 99999
2013080812 99999
2013080818 99999
2013080900 99999
2013080906 99999
2013080912     4
2013080918 99999
2013081000 99999
2013081006 99999
2013081012 99999
2013081018 99999
2013081100 99999
2013081106 99999
2013081112     9
2013081118     8
2013081200 99999
2013081206 99999
2013081212 99999
2013081218 99999
2013081300     1
2013081306     5
2013081312     5
2013081318     1
2013081400 99999
2013081406 99999
2013081412 99999
2013081418 99999
2013081500 99999
2013081506 99999
2013081512 99999
2013081518 99999
2013081600 99999
2013081606 99999
2013081612 99999
2013081618 99999
2013081700 99999
2013081706 99999
2013081712 99999
2013081718 99999
2013081800 99999
2013081806 99999
2013081812 99999
2013081818 99999
2013081900 99999
2013081906     4
2013081912    54
2013081918 99999
2013082000 99999
2013082006 99999
2013082012 99999
2013082018 99999
2013082100 99999
2013082106 99999
2013082112 99999
2013082118 99999
2013082200 99999
2013082206 99999
2013082212 99999
2013082218 99999
2013082300 99999
2013082306 99999
2013082312 99999
2013082318 99999
2013082400 99999
2013082406 99999
2013082412 99999
2013082418 99999
2013082500 99999
2013082506 99999
2013082512 99999
2013082518 99999
2013082600 99999
2013082606 99999
2013082612 99999
2013082618 99999
2013082700 99999
2013082706 99999
2013082712 99999
2013082718 99999
2013082800 99999
2013082806 99999
2013082812 99999
2013082818 99999
2013082900 99999
2013082906 99999
2013082912 99999
2013082918 99999
2013083000 99999
2013083006 99999
2013083012 99999
2013083018 99999
2013083100 99999
2013083106 99999
2013083112 99999
2013083118 99999
2013090100 99999
2013090106 99999
2013090112 99999
2013090118 99999
2013090200 99999
2013090206 99999
2013090212 99999
2013090218 99999
2013090300 99999
2013090306 99999
2013090312 99999
2013090318 99999
2013090400 99999
2013090406 99999
2013090412 99999
2013090418 99999
2013090500 99999
2013090506 99999
2013090512 99999
2013090518 99999
2013090600 99999
2013090606 99999
2013090612 99999
2013090618    51
2013090700 99999
2013090706 99999
2013090712 99999
2013090718     2
2013090800 99999
2013090806 99999
2013090812 99999
2013090818 99999
2013090900 99999
2013090906 99999
2013090912     5
2013090918     2
2013091000     1
2013091006 99999
2013091012     2
2013091018 99999
2013091100 99999
2013091106 99999
2013091112 99999
2013091118 99999
2013091200 99999
2013091206 99999
2013091212 99999
2013091218 99999
2013091300 99999
2013091306 99999
2013091312 99999
2013091318 99999
2013091400 99999
2013091406 99999
2013091412 99999
2013091418 99999
2013091500 99999
2013091506 99999
2013091512 99999
2013091518 99999
2013091600 99999
2013091606 99999
2013091612    12
2013091618     2
2013091700 99999
2013091706 99999
2013091712 99999
2013091718 99999
2013091800 99999
2013091806 99999
2013091812 99999
2013091818 99999
2013091900 99999
2013091906 99999
2013091912 99999
2013091918 99999
2013092000 99999
2013092006 99999
2013092012 99999
2013092018 99999
2013092100 99999
2013092106 99999
2013092112 99999
2013092118 99999
2013092200 99999
2013092206 99999
2013092212 99999
2013092218 99999
2013092300 99999
2013092306 99999
2013092312 99999
2013092318 99999
2013092400 99999
2013092406 99999
2013092412 99999
2013092418 99999
2013092500 99999
2013092506 99999
2013092512 99999
2013092518 99999
2013092600 99999
2013092606 99999
2013092612 99999
2013092618 99999
2013092700 99999
2013092706 99999
2013092712 99999
2013092718 99999
2013092800 99999
2013092806 99999
2013092812 99999
2013092818 99999
2013092900 99999
2013092906 99999
2013092912 99999
2013092918 99999
2013093000 99999
2013093006 99999
2013093012 99999
2013093018 99999
2013100100 99999
2013100106 99999
2013100112 99999
2013100118 99999
2013100200 99999
2013100206 99999
2013100212 99999
2013100218 99999
2013100300 99999
2013100306 99999
2013100312 99999
2013100318 99999
2013100400 99999
2013100406    13
2013100412 99999
2013100418 99999
2013100500 99999
2013100506 99999
2013100512 99999
2013100518 99999
2013100600 99999
2013100606 99999
2013100612 99999
2013100618 99999
2013100700 99999
2013100706 99999
2013100712 99999
2013100718 99999
2013100800 99999
2013100806 99999
2013100812 99999
2013100818 99999
2013100900 99999
2013100906 99999
2013100912 99999
2013100918 99999
2013101000 99999
2013101006 99999
2013101012 99999
2013101018 99999
2013101100 99999
2013101106 99999
2013101112 99999
2013101118 99999
2013101200 99999
2013101206 99999
2013101212 99999
2013101218 99999
2013101300 99999
2013101306 99999
2013101312 99999
2013101318 99999
2013101400 99999
2013101406 99999
2013101412 99999
2013101418 99999
2013101500 99999
2013101506 99999
2013101512 99999
2013101518 99999
2013101600 99999
2013101606 99999
2013101612 99999
2013101618 99999
2013101700 99999
2013101706 99999
2013101712 99999
2013101718 99999
2013101800 99999
2013101806 99999
2013101812 99999
2013101818 99999
2013101900 99999
2013101906 99999
2013101912 99999
2013101918 99999
2013102000 99999
2013102006 99999
2013102012 99999
2013102018     3
2013102100     6
2013102106 99999
2013102112 99999
2013102118 99999
2013102200 99999
2013102206 99999
2013102212 99999
2013102218 99999
2013102300    10
2013102306 99999
2013102312 99999
2013102318 99999
2013102400 99999
2013102406 99999
2013102412 99999
2013102418 99999
2013102500 99999
2013102506 99999
2013102512 99999
2013102518 99999
2013102600 99999
2013102606 99999
2013102612 99999
2013102618 99999
2013102700 99999
2013102706 99999
2013102712 99999
2013102718 99999
2013102800 99999
2013102806 99999
2013102812 99999
2013102818 99999
2013102900     1
2013102906     1
2013102912 99999
2013102918 99999
2013103000 99999
2013103006 99999
2013103012 99999
2013103018 99999
2013103100 99999
2013103106 99999
2013103112 99999
2013103118 99999
2013110100 99999
2013110106 99999
2013110112 99999
2013110118 99999
2013110200 99999
2013110206 99999
2013110212 99999
2013110218 99999
2013110300 99999
2013110306 99999
2013110312 99999
2013110318 99999
2013110400 99999
2013110406 99999
2013110412 99999
2013110418 99999
2013110500 99999
2013110506 99999
2013110512 99999
2013110518 99999
2013110600 99999
2013110606     1
2013110612     2
2013110618 99999
2013110700 99999
2013110706 99999
2013110712 99999
2013110718 99999
2013110800 99999
2013110806 99999
2013110812 99999
2013110818 99999
2013110900 99999
2013110906     6
2013110912 99999
2013110918 99999
2013111000 99999
2013111006 99999
2013111012     3
2013111018 99999
2013111100 99999
2013111106 99999
2013111112 99999
2013111118 99999
2013111200 99999
2013111206 99999
2013111212 99999
2013111218 99999
2013111300 99999
2013111306 99999
2013111312 99999
2013111318 99999
2013111400 99999
2013111406 99999
2013111412 99999
2013111418 99999
2013111500 99999
2013111506 99999
2013111512 99999
2013111518 99999
2013111600 99999
2013111606 99999
2013111612 99999
2013111618 99999
2013111700 99999
2013111706 99999
2013111712 99999
2013111718 99999
2013111800 99999
2013111806 99999
2013111812 99999
2013111818 99999
2013111900 99999
2013111906 99999
2013111912 99999
2013111918 99999
2013112000 99999
2013112006 99999
2013112012 99999
2013112018 99999
2013112100 99999
2013112106 99999
2013112112 99999
2013112118 99999
2013112200 99999
2013112206 99999
2013112212 99999
2013112218 99999
2013112300 99999
2013112306 99999
2013112312 99999
2013112318 99999
2013112400 99999
2013112406 99999
2013112412 99999
2013112418 99999
2013112500 99999
2013112506 99999
2013112512 99999
2013112518 99999
2013112600 99999
2013112606 99999
2013112612 99999
2013112618 99999
2013112700 99999
2013112706 99999
2013112712 99999
2013112718 99999
2013112800 99999
2013112806 99999
2013112812 99999
2013112818 99999
2013112900 99999
2013112906 99999
2013112912 99999
2013112918 99999
2013113000 99999
2013113006 99999
2013113012 99999
2013113018 99999
2013120100 99999
2013120106 99999
2013120112 99999
2013120118 99999
2013120200 99999
2013120206 99999
2013120212 99999
2013120218 99999
2013120300 99999
2013120306 99999
2013120312 99999
2013120318 99999
2013120400 99999
2013120406 99999
2013120412 99999
2013120418 99999
2013120500 99999
2013120506 99999
2013120512    25
2013120518 99999
2013120600 99999
2013120606 99999
2013120612 99999
2013120618 99999
2013120700 99999
2013120706 99999
2013120712 99999
2013120718 99999
2013120800 99999
2013120806 99999
2013120812 99999
2013120818 99999
2013120900 99999
2013120906 99999
2013120912 99999
2013120918 99999
2013121000 99999
2013121006 99999
2013121012 99999
2013121018 99999
2013121100 99999
2013121106 99999
2013121112 99999
2013121118 99999
2013121200 99999
2013121206 99999
2013121212 99999
2013121218 99999
2013121300 99999
2013121306 99999
2013121312 99999
2013121318 99999
2013121400 99999
2013121406 99999
2013121412 99999
2013121418 99999
2013121500 99999
2013121506 99999
2013121512 99999
2013121518 99999
2013121600 99999
2013121606 99999
2013121612 99999
2013121618 99999
2013121700 99999
2013121706 99999
2013121712 99999
2013121718 99999
2013121800 99999
2013121806 99999
2013121812 99999
2013121818 99999
2013121900 99999
2013121906 99999
2013121912 99999
2013121918 99999
2013122000 99999
2013122006 99999
2013122012 99999
2013122018 99999
2013122100 99999
2013122106 99999
2013122112 99999
2013122118 99999
2013122200 99999
2013122206 99999
2013122212 99999
2013122218 99999
2013122300 99999
2013122306 99999
2013122312 99999
2013122318 99999
2013122400 99999
2013122406 99999
2013122412 99999
2013122418 99999
2013122500 99999
2013122506 99999
2013122512 99999
2013122518 99999
2013122600 99999
2013122606 99999
2013122612 99999
2013122618 99999
2013122700 99999
2013122706 99999
2013122712 99999
2013122718 99999
2013122800 99999
2013122806 99999
2013122812 99999
2013122818 99999
2013122900 99999
2013122906 99999
2013122912 99999
2013122918 99999
2013123000 99999
2013123006 99999
2013123012 99999
2013123018 99999
2013123100 99999
2013123106 99999
2013123112 99999
2013123118 99999
