2010010100 99999
2010010106 99999
2010010112 99999
2010010118 99999
2010010200 99999
2010010206 99999
2010010212 99999
2010010218 99999
2010010300 99999
2010010306 99999
2010010312 99999
2010010318 99999
2010010400 99999
2010010406 99999
2010010412 99999
2010010418 99999
2010010500 99999
2010010506 99999
2010010512 99999
2010010518 99999
2010010600 99999
2010010606 99999
2010010612 99999
2010010618 99999
2010010700 99999
2010010706 99999
2010010712 99999
2010010718 99999
2010010800 99999
2010010806 99999
2010010812 99999
2010010818 99999
2010010900 99999
2010010906 99999
2010010912 99999
2010010918 99999
2010011000 99999
2010011006 99999
2010011012 99999
2010011018 99999
2010011100 99999
2010011106 99999
2010011112 99999
2010011118 99999
2010011200 99999
2010011206 99999
2010011212 99999
2010011218 99999
2010011300 99999
2010011306 99999
2010011312 99999
2010011318 99999
2010011400 99999
2010011406 99999
2010011412 99999
2010011418 99999
2010011500 99999
2010011506 99999
2010011512 99999
2010011518 99999
2010011600 99999
2010011606 99999
2010011612 99999
2010011618 99999
2010011700 99999
2010011706 99999
2010011712 99999
2010011718 99999
2010011800 99999
2010011806 99999
2010011812 99999
2010011818 99999
2010011900 99999
2010011906 99999
2010011912 99999
2010011918 99999
2010012000 99999
2010012006 99999
2010012012 99999
2010012018 99999
2010012100 99999
2010012106 99999
2010012112 99999
2010012118 99999
2010012200 99999
2010012206 99999
2010012212 99999
2010012218 99999
2010012300 99999
2010012306 99999
2010012312 99999
2010012318 99999
2010012400 99999
2010012406 99999
2010012412 99999
2010012418 99999
2010012500 99999
2010012506 99999
2010012512 99999
2010012518 99999
2010012600 99999
2010012606 99999
2010012612 99999
2010012618 99999
2010012700 99999
2010012706 99999
2010012712 99999
2010012718 99999
2010012800 99999
2010012806 99999
2010012812 99999
2010012818 99999
2010012900 99999
2010012906 99999
2010012912 99999
2010012918 99999
2010013000 99999
2010013006 99999
2010013012 99999
2010013018 99999
2010013100 99999
2010013106 99999
2010013112 99999
2010013118 99999
2010020100 99999
2010020106 99999
2010020112     2
2010020118 99999
2010020200 99999
2010020206 99999
2010020212 99999
2010020218 99999
2010020300 99999
2010020306 99999
2010020312 99999
2010020318 99999
2010020400 99999
2010020406 99999
2010020412 99999
2010020418 99999
2010020500 99999
2010020506 99999
2010020512 99999
2010020518 99999
2010020600 99999
2010020606 99999
2010020612 99999
2010020618 99999
2010020700 99999
2010020706 99999
2010020712 99999
2010020718 99999
2010020800 99999
2010020806 99999
2010020812 99999
2010020818 99999
2010020900 99999
2010020906 99999
2010020912 99999
2010020918 99999
2010021000 99999
2010021006 99999
2010021012 99999
2010021018 99999
2010021100 99999
2010021106 99999
2010021112 99999
2010021118 99999
2010021200 99999
2010021206 99999
2010021212 99999
2010021218 99999
2010021300 99999
2010021306 99999
2010021312 99999
2010021318 99999
2010021400 99999
2010021406 99999
2010021412 99999
2010021418 99999
2010021500 99999
2010021506 99999
2010021512 99999
2010021518 99999
2010021600 99999
2010021606 99999
2010021612 99999
2010021618 99999
2010021700 99999
2010021706 99999
2010021712 99999
2010021718 99999
2010021800 99999
2010021806 99999
2010021812 99999
2010021818 99999
2010021900 99999
2010021906 99999
2010021912 99999
2010021918 99999
2010022000 99999
2010022006 99999
2010022012 99999
2010022018 99999
2010022100 99999
2010022106 99999
2010022112 99999
2010022118 99999
2010022200 99999
2010022206 99999
2010022212 99999
2010022218 99999
2010022300 99999
2010022306 99999
2010022312 99999
2010022318 99999
2010022400 99999
2010022406 99999
2010022412 99999
2010022418 99999
2010022500 99999
2010022506 99999
2010022512 99999
2010022518 99999
2010022600 99999
2010022606 99999
2010022612 99999
2010022618 99999
2010022700 99999
2010022706 99999
2010022712 99999
2010022718 99999
2010022800 99999
2010022806 99999
2010022812 99999
2010022818 99999
2010030100 99999
2010030106 99999
2010030112 99999
2010030118 99999
2010030200 99999
2010030206 99999
2010030212 99999
2010030218 99999
2010030300 99999
2010030306 99999
2010030312 99999
2010030318 99999
2010030400 99999
2010030406 99999
2010030412 99999
2010030418 99999
2010030500 99999
2010030506 99999
2010030512 99999
2010030518 99999
2010030600 99999
2010030606 99999
2010030612 99999
2010030618 99999
2010030700 99999
2010030706 99999
2010030712 99999
2010030718 99999
2010030800 99999
2010030806 99999
2010030812 99999
2010030818 99999
2010030900 99999
2010030906 99999
2010030912 99999
2010030918 99999
2010031000 99999
2010031006 99999
2010031012 99999
2010031018 99999
2010031100 99999
2010031106 99999
2010031112 99999
2010031118 99999
2010031200 99999
2010031206 99999
2010031212 99999
2010031218 99999
2010031300 99999
2010031306 99999
2010031312 99999
2010031318 99999
2010031400 99999
2010031406 99999
2010031412 99999
2010031418 99999
2010031500 99999
2010031506 99999
2010031512 99999
2010031518 99999
2010031600 99999
2010031606 99999
2010031612 99999
2010031618 99999
2010031700 99999
2010031706 99999
2010031712 99999
2010031718 99999
2010031800 99999
2010031806 99999
2010031812 99999
2010031818 99999
2010031900 99999
2010031906 99999
2010031912 99999
2010031918 99999
2010032000 99999
2010032006 99999
2010032012 99999
2010032018     3
2010032100     4
2010032106 99999
2010032112 99999
2010032118 99999
2010032200 99999
2010032206 99999
2010032212 99999
2010032218 99999
2010032300 99999
2010032306 99999
2010032312 99999
2010032318 99999
2010032400 99999
2010032406 99999
2010032412 99999
2010032418 99999
2010032500 99999
2010032506 99999
2010032512 99999
2010032518 99999
2010032600 99999
2010032606 99999
2010032612 99999
2010032618 99999
2010032700 99999
2010032706 99999
2010032712 99999
2010032718 99999
2010032800 99999
2010032806 99999
2010032812 99999
2010032818 99999
2010032900 99999
2010032906 99999
2010032912 99999
2010032918 99999
2010033000 99999
2010033006 99999
2010033012 99999
2010033018 99999
2010033100 99999
2010033106 99999
2010033112 99999
2010033118 99999
2010040100 99999
2010040106 99999
2010040112 99999
2010040118 99999
2010040200 99999
2010040206 99999
2010040212 99999
2010040218 99999
2010040300 99999
2010040306 99999
2010040312     5
2010040318     9
2010040400 99999
2010040406 99999
2010040412     1
2010040418 99999
2010040500 99999
2010040506 99999
2010040512 99999
2010040518 99999
2010040600 99999
2010040606 99999
2010040612 99999
2010040618 99999
2010040700 99999
2010040706 99999
2010040712 99999
2010040718 99999
2010040800 99999
2010040806 99999
2010040812 99999
2010040818 99999
2010040900 99999
2010040906 99999
2010040912 99999
2010040918 99999
2010041000 99999
2010041006 99999
2010041012 99999
2010041018 99999
2010041100 99999
2010041106 99999
2010041112 99999
2010041118 99999
2010041200 99999
2010041206 99999
2010041212 99999
2010041218 99999
2010041300 99999
2010041306 99999
2010041312 99999
2010041318 99999
2010041400 99999
2010041406 99999
2010041412 99999
2010041418 99999
2010041500 99999
2010041506 99999
2010041512 99999
2010041518 99999
2010041600 99999
2010041606 99999
2010041612 99999
2010041618 99999
2010041700 99999
2010041706 99999
2010041712 99999
2010041718 99999
2010041800 99999
2010041806 99999
2010041812 99999
2010041818 99999
2010041900 99999
2010041906 99999
2010041912 99999
2010041918 99999
2010042000 99999
2010042006 99999
2010042012 99999
2010042018 99999
2010042100 99999
2010042106 99999
2010042112 99999
2010042118 99999
2010042200 99999
2010042206 99999
2010042212 99999
2010042218 99999
2010042300 99999
2010042306 99999
2010042312 99999
2010042318 99999
2010042400 99999
2010042406 99999
2010042412 99999
2010042418 99999
2010042500 99999
2010042506 99999
2010042512 99999
2010042518 99999
2010042600 99999
2010042606 99999
2010042612 99999
2010042618 99999
2010042700 99999
2010042706 99999
2010042712 99999
2010042718 99999
2010042800 99999
2010042806 99999
2010042812 99999
2010042818 99999
2010042900 99999
2010042906 99999
2010042912 99999
2010042918    10
2010043000    28
2010043006 99999
2010043012 99999
2010043018 99999
2010050100 99999
2010050106 99999
2010050112 99999
2010050118 99999
2010050200 99999
2010050206 99999
2010050212     2
2010050218     6
2010050300 99999
2010050306 99999
2010050312 99999
2010050318 99999
2010050400 99999
2010050406 99999
2010050412 99999
2010050418 99999
2010050500 99999
2010050506 99999
2010050512 99999
2010050518 99999
2010050600 99999
2010050606 99999
2010050612 99999
2010050618 99999
2010050700 99999
2010050706 99999
2010050712 99999
2010050718 99999
2010050800 99999
2010050806 99999
2010050812 99999
2010050818 99999
2010050900 99999
2010050906 99999
2010050912 99999
2010050918 99999
2010051000 99999
2010051006 99999
2010051012 99999
2010051018 99999
2010051100 99999
2010051106 99999
2010051112 99999
2010051118 99999
2010051200 99999
2010051206 99999
2010051212 99999
2010051218 99999
2010051300 99999
2010051306 99999
2010051312 99999
2010051318 99999
2010051400 99999
2010051406 99999
2010051412 99999
2010051418 99999
2010051500 99999
2010051506 99999
2010051512 99999
2010051518 99999
2010051600 99999
2010051606 99999
2010051612 99999
2010051618 99999
2010051700 99999
2010051706 99999
2010051712     3
2010051718     4
2010051800 99999
2010051806 99999
2010051812 99999
2010051818 99999
2010051900 99999
2010051906 99999
2010051912 99999
2010051918 99999
2010052000 99999
2010052006 99999
2010052012 99999
2010052018 99999
2010052100 99999
2010052106 99999
2010052112 99999
2010052118 99999
2010052200 99999
2010052206 99999
2010052212 99999
2010052218 99999
2010052300 99999
2010052306 99999
2010052312 99999
2010052318 99999
2010052400 99999
2010052406 99999
2010052412 99999
2010052418 99999
2010052500 99999
2010052506 99999
2010052512 99999
2010052518 99999
2010052600 99999
2010052606 99999
2010052612 99999
2010052618 99999
2010052700 99999
2010052706 99999
2010052712 99999
2010052718 99999
2010052800 99999
2010052806 99999
2010052812 99999
2010052818 99999
2010052900 99999
2010052906 99999
2010052912 99999
2010052918 99999
2010053000 99999
2010053006 99999
2010053012     7
2010053018    19
2010053100 99999
2010053106 99999
2010053112 99999
2010053118 99999
2010060100 99999
2010060106 99999
2010060112 99999
2010060118 99999
2010060200 99999
2010060206 99999
2010060212 99999
2010060218 99999
2010060300 99999
2010060306 99999
2010060312 99999
2010060318 99999
2010060400 99999
2010060406 99999
2010060412 99999
2010060418 99999
2010060500 99999
2010060506 99999
2010060512 99999
2010060518 99999
2010060600 99999
2010060606 99999
2010060612 99999
2010060618 99999
2010060700 99999
2010060706 99999
2010060712 99999
2010060718 99999
2010060800 99999
2010060806 99999
2010060812     5
2010060818     5
2010060900     3
2010060906 99999
2010060912 99999
2010060918 99999
2010061000 99999
2010061006 99999
2010061012 99999
2010061018 99999
2010061100 99999
2010061106 99999
2010061112 99999
2010061118 99999
2010061200 99999
2010061206 99999
2010061212 99999
2010061218 99999
2010061300 99999
2010061306 99999
2010061312 99999
2010061318 99999
2010061400 99999
2010061406 99999
2010061412 99999
2010061418 99999
2010061500 99999
2010061506 99999
2010061512 99999
2010061518 99999
2010061600 99999
2010061606 99999
2010061612 99999
2010061618 99999
2010061700 99999
2010061706 99999
2010061712 99999
2010061718 99999
2010061800 99999
2010061806 99999
2010061812 99999
2010061818 99999
2010061900 99999
2010061906 99999
2010061912 99999
2010061918 99999
2010062000 99999
2010062006 99999
2010062012 99999
2010062018 99999
2010062100 99999
2010062106 99999
2010062112 99999
2010062118 99999
2010062200 99999
2010062206 99999
2010062212 99999
2010062218 99999
2010062300 99999
2010062306 99999
2010062312 99999
2010062318 99999
2010062400 99999
2010062406 99999
2010062412 99999
2010062418 99999
2010062500 99999
2010062506 99999
2010062512 99999
2010062518 99999
2010062600 99999
2010062606 99999
2010062612 99999
2010062618 99999
2010062700 99999
2010062706 99999
2010062712 99999
2010062718 99999
2010062800 99999
2010062806 99999
2010062812 99999
2010062818 99999
2010062900 99999
2010062906 99999
2010062912 99999
2010062918 99999
2010063000 99999
2010063006 99999
2010063012 99999
2010063018 99999
2010070100 99999
2010070106 99999
2010070112 99999
2010070118 99999
2010070200 99999
2010070206 99999
2010070212 99999
2010070218 99999
2010070300    35
2010070306     7
2010070312    12
2010070318 99999
2010070400 99999
2010070406 99999
2010070412 99999
2010070418 99999
2010070500 99999
2010070506 99999
2010070512 99999
2010070518 99999
2010070600 99999
2010070606 99999
2010070612 99999
2010070618 99999
2010070700 99999
2010070706 99999
2010070712 99999
2010070718 99999
2010070800 99999
2010070806 99999
2010070812 99999
2010070818 99999
2010070900 99999
2010070906 99999
2010070912 99999
2010070918 99999
2010071000 99999
2010071006 99999
2010071012 99999
2010071018   381
2010071100   121
2010071106 99999
2010071112    17
2010071118 99999
2010071200 99999
2010071206    40
2010071212    57
2010071218     1
2010071300 99999
2010071306 99999
2010071312 99999
2010071318 99999
2010071400 99999
2010071406 99999
2010071412 99999
2010071418     9
2010071500     4
2010071506     4
2010071512 99999
2010071518 99999
2010071600 99999
2010071606 99999
2010071612 99999
2010071618     2
2010071700 99999
2010071706 99999
2010071712 99999
2010071718 99999
2010071800 99999
2010071806 99999
2010071812 99999
2010071818 99999
2010071900 99999
2010071906 99999
2010071912 99999
2010071918 99999
2010072000 99999
2010072006 99999
2010072012 99999
2010072018 99999
2010072100 99999
2010072106 99999
2010072112 99999
2010072118 99999
2010072200 99999
2010072206 99999
2010072212 99999
2010072218 99999
2010072300 99999
2010072306 99999
2010072312     4
2010072318     3
2010072400 99999
2010072406 99999
2010072412 99999
2010072418 99999
2010072500 99999
2010072506 99999
2010072512 99999
2010072518 99999
2010072600 99999
2010072606 99999
2010072612 99999
2010072618 99999
2010072700 99999
2010072706 99999
2010072712 99999
2010072718 99999
2010072800 99999
2010072806 99999
2010072812 99999
2010072818 99999
2010072900     1
2010072906 99999
2010072912 99999
2010072918 99999
2010073000 99999
2010073006 99999
2010073012 99999
2010073018 99999
2010073100 99999
2010073106 99999
2010073112 99999
2010073118 99999
2010080100 99999
2010080106 99999
2010080112 99999
2010080118 99999
2010080200 99999
2010080206 99999
2010080212    11
2010080218 99999
2010080300 99999
2010080306 99999
2010080312 99999
2010080318 99999
2010080400 99999
2010080406 99999
2010080412     6
2010080418     1
2010080500 99999
2010080506 99999
2010080512 99999
2010080518 99999
2010080600 99999
2010080606 99999
2010080612 99999
2010080618 99999
2010080700 99999
2010080706 99999
2010080712 99999
2010080718 99999
2010080800 99999
2010080806 99999
2010080812 99999
2010080818 99999
2010080900 99999
2010080906 99999
2010080912 99999
2010080918 99999
2010081000 99999
2010081006 99999
2010081012 99999
2010081018 99999
2010081100 99999
2010081106 99999
2010081112 99999
2010081118 99999
2010081200 99999
2010081206 99999
2010081212 99999
2010081218 99999
2010081300 99999
2010081306 99999
2010081312     2
2010081318     7
2010081400 99999
2010081406 99999
2010081412 99999
2010081418 99999
2010081500 99999
2010081506 99999
2010081512 99999
2010081518 99999
2010081600 99999
2010081606 99999
2010081612 99999
2010081618 99999
2010081700 99999
2010081706 99999
2010081712 99999
2010081718 99999
2010081800 99999
2010081806 99999
2010081812 99999
2010081818 99999
2010081900 99999
2010081906 99999
2010081912 99999
2010081918 99999
2010082000 99999
2010082006 99999
2010082012 99999
2010082018 99999
2010082100 99999
2010082106 99999
2010082112 99999
2010082118 99999
2010082200 99999
2010082206 99999
2010082212 99999
2010082218     9
2010082300 99999
2010082306     6
2010082312 99999
2010082318 99999
2010082400 99999
2010082406 99999
2010082412 99999
2010082418     1
2010082500 99999
2010082506 99999
2010082512 99999
2010082518 99999
2010082600 99999
2010082606     3
2010082612 99999
2010082618 99999
2010082700 99999
2010082706 99999
2010082712 99999
2010082718 99999
2010082800 99999
2010082806 99999
2010082812    11
2010082818     4
2010082900     2
2010082906 99999
2010082912 99999
2010082918    19
2010083000 99999
2010083006 99999
2010083012 99999
2010083018 99999
2010083100 99999
2010083106 99999
2010083112 99999
2010083118 99999
2010090100 99999
2010090106 99999
2010090112 99999
2010090118 99999
2010090200 99999
2010090206 99999
2010090212 99999
2010090218 99999
2010090300 99999
2010090306 99999
2010090312 99999
2010090318 99999
2010090400 99999
2010090406 99999
2010090412 99999
2010090418 99999
2010090500 99999
2010090506 99999
2010090512 99999
2010090518 99999
2010090600 99999
2010090606 99999
2010090612 99999
2010090618 99999
2010090700 99999
2010090706 99999
2010090712 99999
2010090718 99999
2010090800 99999
2010090806 99999
2010090812 99999
2010090818     5
2010090900 99999
2010090906 99999
2010090912     2
2010090918 99999
2010091000 99999
2010091006 99999
2010091012 99999
2010091018 99999
2010091100 99999
2010091106 99999
2010091112 99999
2010091118 99999
2010091200 99999
2010091206 99999
2010091212 99999
2010091218 99999
2010091300 99999
2010091306 99999
2010091312 99999
2010091318 99999
2010091400 99999
2010091406 99999
2010091412 99999
2010091418 99999
2010091500 99999
2010091506 99999
2010091512 99999
2010091518 99999
2010091600 99999
2010091606 99999
2010091612 99999
2010091618 99999
2010091700 99999
2010091706 99999
2010091712 99999
2010091718 99999
2010091800 99999
2010091806 99999
2010091812 99999
2010091818 99999
2010091900 99999
2010091906 99999
2010091912 99999
2010091918 99999
2010092000 99999
2010092006 99999
2010092012 99999
2010092018 99999
2010092100 99999
2010092106 99999
2010092112 99999
2010092118 99999
2010092200 99999
2010092206 99999
2010092212 99999
2010092218 99999
2010092300 99999
2010092306 99999
2010092312 99999
2010092318    74
2010092400    12
2010092406 99999
2010092412 99999
2010092418 99999
2010092500 99999
2010092506 99999
2010092512 99999
2010092518 99999
2010092600 99999
2010092606 99999
2010092612 99999
2010092618 99999
2010092700 99999
2010092706 99999
2010092712 99999
2010092718 99999
2010092800 99999
2010092806 99999
2010092812 99999
2010092818 99999
2010092900 99999
2010092906 99999
2010092912 99999
2010092918 99999
2010093000 99999
2010093006 99999
2010093012 99999
2010093018 99999
2010100100 99999
2010100106 99999
2010100112 99999
2010100118 99999
2010100200 99999
2010100206 99999
2010100212 99999
2010100218 99999
2010100300 99999
2010100306 99999
2010100312 99999
2010100318 99999
2010100400 99999
2010100406 99999
2010100412 99999
2010100418 99999
2010100500 99999
2010100506 99999
2010100512 99999
2010100518 99999
2010100600 99999
2010100606 99999
2010100612 99999
2010100618 99999
2010100700 99999
2010100706 99999
2010100712 99999
2010100718 99999
2010100800 99999
2010100806 99999
2010100812 99999
2010100818 99999
2010100900 99999
2010100906 99999
2010100912 99999
2010100918 99999
2010101000 99999
2010101006 99999
2010101012 99999
2010101018 99999
2010101100 99999
2010101106 99999
2010101112 99999
2010101118 99999
2010101200 99999
2010101206 99999
2010101212 99999
2010101218 99999
2010101300 99999
2010101306 99999
2010101312 99999
2010101318 99999
2010101400 99999
2010101406 99999
2010101412 99999
2010101418 99999
2010101500 99999
2010101506 99999
2010101512 99999
2010101518 99999
2010101600 99999
2010101606 99999
2010101612 99999
2010101618 99999
2010101700 99999
2010101706 99999
2010101712 99999
2010101718 99999
2010101800 99999
2010101806 99999
2010101812 99999
2010101818 99999
2010101900 99999
2010101906 99999
2010101912 99999
2010101918 99999
2010102000 99999
2010102006 99999
2010102012 99999
2010102018 99999
2010102100 99999
2010102106 99999
2010102112 99999
2010102118 99999
2010102200 99999
2010102206 99999
2010102212 99999
2010102218 99999
2010102300 99999
2010102306 99999
2010102312 99999
2010102318 99999
2010102400 99999
2010102406 99999
2010102412 99999
2010102418 99999
2010102500 99999
2010102506 99999
2010102512 99999
2010102518 99999
2010102600 99999
2010102606 99999
2010102612 99999
2010102618 99999
2010102700 99999
2010102706 99999
2010102712 99999
2010102718 99999
2010102800 99999
2010102806 99999
2010102812 99999
2010102818 99999
2010102900 99999
2010102906 99999
2010102912 99999
2010102918 99999
2010103000 99999
2010103006 99999
2010103012 99999
2010103018 99999
2010103100 99999
2010103106 99999
2010103112 99999
2010103118 99999
2010110100 99999
2010110106 99999
2010110112 99999
2010110118 99999
2010110200 99999
2010110206 99999
2010110212 99999
2010110218 99999
2010110300 99999
2010110306 99999
2010110312 99999
2010110318 99999
2010110400 99999
2010110406 99999
2010110412 99999
2010110418 99999
2010110500 99999
2010110506 99999
2010110512 99999
2010110518 99999
2010110600 99999
2010110606 99999
2010110612 99999
2010110618 99999
2010110700 99999
2010110706 99999
2010110712 99999
2010110718 99999
2010110800 99999
2010110806 99999
2010110812 99999
2010110818 99999
2010110900 99999
2010110906 99999
2010110912 99999
2010110918 99999
2010111000 99999
2010111006 99999
2010111012 99999
2010111018 99999
2010111100 99999
2010111106 99999
2010111112 99999
2010111118     5
2010111200 99999
2010111206 99999
2010111212 99999
2010111218 99999
2010111300 99999
2010111306 99999
2010111312 99999
2010111318 99999
2010111400 99999
2010111406 99999
2010111412 99999
2010111418 99999
2010111500 99999
2010111506 99999
2010111512 99999
2010111518 99999
2010111600 99999
2010111606 99999
2010111612 99999
2010111618 99999
2010111700 99999
2010111706 99999
2010111712 99999
2010111718 99999
2010111800 99999
2010111806 99999
2010111812 99999
2010111818 99999
2010111900 99999
2010111906 99999
2010111912 99999
2010111918 99999
2010112000 99999
2010112006 99999
2010112012 99999
2010112018 99999
2010112100 99999
2010112106 99999
2010112112 99999
2010112118 99999
2010112200 99999
2010112206 99999
2010112212 99999
2010112218 99999
2010112300 99999
2010112306 99999
2010112312 99999
2010112318 99999
2010112400 99999
2010112406 99999
2010112412 99999
2010112418 99999
2010112500 99999
2010112506 99999
2010112512 99999
2010112518 99999
2010112600 99999
2010112606 99999
2010112612 99999
2010112618 99999
2010112700 99999
2010112706 99999
2010112712 99999
2010112718 99999
2010112800 99999
2010112806 99999
2010112812 99999
2010112818 99999
2010112900 99999
2010112906 99999
2010112912 99999
2010112918 99999
2010113000 99999
2010113006 99999
2010113012 99999
2010113018 99999
2010120100 99999
2010120106 99999
2010120112 99999
2010120118 99999
2010120200 99999
2010120206 99999
2010120212 99999
2010120218 99999
2010120300 99999
2010120306 99999
2010120312 99999
2010120318 99999
2010120400 99999
2010120406 99999
2010120412 99999
2010120418 99999
2010120500 99999
2010120506 99999
2010120512 99999
2010120518 99999
2010120600 99999
2010120606 99999
2010120612 99999
2010120618 99999
2010120700 99999
2010120706 99999
2010120712 99999
2010120718 99999
2010120800 99999
2010120806 99999
2010120812 99999
2010120818 99999
2010120900 99999
2010120906 99999
2010120912 99999
2010120918 99999
2010121000 99999
2010121006 99999
2010121012 99999
2010121018 99999
2010121100 99999
2010121106 99999
2010121112 99999
2010121118 99999
2010121200 99999
2010121206 99999
2010121212 99999
2010121218 99999
2010121300 99999
2010121306 99999
2010121312 99999
2010121318 99999
2010121400 99999
2010121406 99999
2010121412 99999
2010121418 99999
2010121500 99999
2010121506 99999
2010121512 99999
2010121518 99999
2010121600 99999
2010121606 99999
2010121612 99999
2010121618 99999
2010121700 99999
2010121706 99999
2010121712 99999
2010121718 99999
2010121800 99999
2010121806 99999
2010121812 99999
2010121818 99999
2010121900 99999
2010121906 99999
2010121912 99999
2010121918 99999
2010122000 99999
2010122006 99999
2010122012 99999
2010122018 99999
2010122100 99999
2010122106 99999
2010122112 99999
2010122118 99999
2010122200 99999
2010122206 99999
2010122212 99999
2010122218 99999
2010122300 99999
2010122306 99999
2010122312 99999
2010122318 99999
2010122400 99999
2010122406 99999
2010122412 99999
2010122418 99999
2010122500 99999
2010122506 99999
2010122512 99999
2010122518 99999
2010122600 99999
2010122606 99999
2010122612 99999
2010122618 99999
2010122700 99999
2010122706 99999
2010122712 99999
2010122718 99999
2010122800 99999
2010122806 99999
2010122812 99999
2010122818 99999
2010122900 99999
2010122906 99999
2010122912 99999
2010122918 99999
2010123000 99999
2010123006 99999
2010123012 99999
2010123018 99999
2010123100 99999
2010123106 99999
2010123112 99999
2010123118 99999
